0.999989 -0.004618 0.000563 -0.004829 0.004617 0.999989 0.000395 -0.012526 -0.000565 -0.000393 1.000000 1.027921
0.999985 -0.005458 0.000374 -0.008400 0.005459 0.999984 -0.001433 -0.025849 -0.000366 0.001435 0.999999 2.067142
0.999999 -0.001562 -0.000385 -0.016145 0.001561 0.999998 -0.001195 -0.038822 0.000387 0.001195 0.999999 3.068250
0.999990 0.004298 -0.001407 -0.023734 -0.004300 0.999990 -0.001348 -0.052270 0.001401 0.001354 0.999998 4.078828
0.999987 0.004305 -0.002601 -0.029194 -0.004316 0.999981 -0.004322 -0.071395 0.002582 0.004333 0.999987 5.093215
0.999991 0.001404 -0.004022 -0.036653 -0.001434 0.999972 -0.007379 -0.095334 0.004012 0.007385 0.999965 6.122287
0.999984 -0.002094 -0.005174 -0.048274 0.002057 0.999972 -0.007232 -0.114379 0.005189 0.007221 0.999960 7.085028
0.999975 -0.002672 -0.006467 -0.061467 0.002631 0.999977 -0.006337 -0.129951 0.006484 0.006320 0.999959 8.044271
0.999968 -0.000887 -0.007935 -0.076401 0.000846 0.999987 -0.005134 -0.143787 0.007939 0.005127 0.999955 9.018230
0.999956 0.002003 -0.009165 -0.092102 -0.002043 0.999989 -0.004337 -0.156483 0.009156 0.004355 0.999949 10.014016
0.999939 0.003450 -0.010454 -0.108813 -0.003498 0.999984 -0.004500 -0.169993 0.010438 0.004536 0.999935 11.021243
0.999921 0.004348 -0.011793 -0.126321 -0.004409 0.999977 -0.005136 -0.183883 0.011771 0.005188 0.999917 12.023093
0.999903 0.004411 -0.013207 -0.147873 -0.004474 0.999979 -0.004754 -0.198935 0.013186 0.004813 0.999902 13.032537
0.999885 0.003432 -0.014791 -0.169239 -0.003506 0.999981 -0.004999 -0.214859 0.014774 0.005050 0.999878 13.993833
0.999854 0.001731 -0.016991 -0.192159 -0.001823 0.999984 -0.005377 -0.227199 0.016981 0.005407 0.999841 14.938416
0.999813 0.000925 -0.019316 -0.214024 -0.001059 0.999976 -0.006886 -0.239012 0.019309 0.006905 0.999790 15.838001
0.999772 0.000696 -0.021316 -0.239829 -0.000844 0.999976 -0.006906 -0.253256 0.021311 0.006922 0.999749 16.739757
0.999732 0.000022 -0.023151 -0.269938 -0.000151 0.999985 -0.005557 -0.268023 0.023151 0.005559 0.999717 17.660697
0.999690 0.000452 -0.024877 -0.302308 -0.000548 0.999993 -0.003828 -0.280344 0.024875 0.003841 0.999683 18.584473
0.999650 0.001783 -0.026385 -0.334850 -0.001881 0.999992 -0.003698 -0.291877 0.026378 0.003746 0.999645 19.537159
0.999603 0.003703 -0.027913 -0.368679 -0.003802 0.999987 -0.003503 -0.302766 0.027899 0.003608 0.999604 20.468256
0.999564 0.004736 -0.029149 -0.402750 -0.004863 0.999979 -0.004295 -0.311405 0.029128 0.004435 0.999566 21.409709
0.999511 0.005062 -0.030855 -0.436393 -0.005240 0.999970 -0.005702 -0.321585 0.030826 0.005861 0.999508 22.315413
0.999472 0.004782 -0.032145 -0.472705 -0.004961 0.999973 -0.005499 -0.333800 0.032118 0.005656 0.999468 23.225969
0.999430 0.005439 -0.033307 -0.511725 -0.005605 0.999973 -0.004888 -0.346721 0.033279 0.005072 0.999433 24.169371
0.999370 0.007576 -0.034667 -0.549683 -0.007771 0.999955 -0.005492 -0.360060 0.034624 0.005758 0.999384 25.085705
0.999320 0.010157 -0.035437 -0.586026 -0.010419 0.999920 -0.007222 -0.374491 0.035361 0.007587 0.999346 25.991336
0.999281 0.012009 -0.035959 -0.626464 -0.012284 0.999897 -0.007434 -0.390342 0.035866 0.007870 0.999326 26.932117
0.999262 0.010981 -0.036810 -0.665160 -0.011289 0.999903 -0.008173 -0.407729 0.036717 0.008583 0.999289 27.838660
0.999239 0.008493 -0.038080 -0.705109 -0.008798 0.999931 -0.007841 -0.423919 0.038011 0.008170 0.999244 28.725881
0.999204 0.006732 -0.039310 -0.742358 -0.007081 0.999937 -0.008740 -0.438052 0.039249 0.009011 0.999189 29.577029
0.999158 0.006793 -0.040456 -0.783228 -0.007122 0.999943 -0.007998 -0.453754 0.040399 0.008279 0.999149 30.438797
0.999105 0.006834 -0.041734 -0.824459 -0.007179 0.999942 -0.008120 -0.469318 0.041676 0.008413 0.999096 31.281930
0.999059 0.006434 -0.042888 -0.866193 -0.006732 0.999955 -0.006791 -0.483789 0.042842 0.007074 0.999057 32.080126
0.999001 0.006844 -0.044159 -0.905448 -0.007138 0.999954 -0.006522 -0.498636 0.044112 0.006830 0.999003 32.842412
0.998928 0.008398 -0.045526 -0.946165 -0.008684 0.999944 -0.006096 -0.514545 0.045473 0.006485 0.998945 33.611410
0.998821 0.011078 -0.047258 -0.987006 -0.011417 0.999911 -0.006909 -0.531326 0.047178 0.007440 0.998859 34.382019
0.998717 0.012942 -0.048964 -1.029032 -0.013256 0.999894 -0.006080 -0.544423 0.048880 0.006721 0.998782 35.117729
0.998612 0.013577 -0.050892 -1.074292 -0.013819 0.999895 -0.004388 -0.556651 0.050827 0.005085 0.998695 35.856065
0.998531 0.012930 -0.052621 -1.121696 -0.012988 0.999916 -0.000748 -0.565000 0.052606 0.001431 0.998614 36.563098
0.998456 0.012038 -0.054219 -1.167957 -0.011926 0.999926 0.002390 -0.568194 0.054244 -0.001740 0.998526 37.255119
0.998378 0.012835 -0.055465 -1.212528 -0.012663 0.999914 0.003453 -0.568323 0.055505 -0.002745 0.998455 37.950593
0.998324 0.014746 -0.055958 -1.255925 -0.014495 0.999883 0.004881 -0.566576 0.056023 -0.004061 0.998421 38.629068
0.998347 0.015542 -0.055322 -1.301283 -0.015148 0.999857 0.007534 -0.564227 0.055431 -0.006684 0.998440 39.324217
0.998480 0.013516 -0.053435 -1.343826 -0.012931 0.999853 0.011287 -0.561464 0.053580 -0.010579 0.998508 39.983657
0.998638 0.010396 -0.051118 -1.377554 -0.009745 0.999869 0.012967 -0.555495 0.051246 -0.012452 0.998609 40.594564
0.998794 0.008130 -0.048427 -1.405731 -0.007505 0.999886 0.013086 -0.547210 0.048528 -0.012707 0.998741 41.169905
0.998926 0.009024 -0.045447 -1.433519 -0.008414 0.999873 0.013593 -0.538962 0.045564 -0.013196 0.998874 41.746548
0.999044 0.012647 -0.041847 -1.466576 -0.011898 0.999766 0.018105 -0.527737 0.042066 -0.017590 0.998960 42.369095
0.999165 0.017158 -0.037085 -1.495000 -0.016334 0.999616 0.022406 -0.518402 0.037455 -0.021782 0.999061 42.988871
0.999302 0.018527 -0.032448 -1.521487 -0.017665 0.999489 0.026659 -0.503229 0.032926 -0.026067 0.999118 43.643763
0.999452 0.018702 -0.027314 -1.541171 -0.017879 0.999388 0.030079 -0.484425 0.027860 -0.029574 0.999174 44.249759
0.999546 0.020956 -0.021639 -1.557166 -0.020234 0.999248 0.033074 -0.465636 0.022315 -0.032621 0.999219 44.870651
0.999629 0.022457 -0.015435 -1.569352 -0.021873 0.999076 0.037017 -0.446570 0.016252 -0.036666 0.999195 45.478480
0.999712 0.022455 -0.008427 -1.574922 -0.022103 0.998965 0.039768 -0.425205 0.009311 -0.039570 0.999173 46.074119
0.999735 0.022989 -0.001237 -1.576553 -0.022915 0.998806 0.043159 -0.404568 0.002228 -0.043119 0.999067 46.636744
0.999710 0.023303 0.006115 -1.575186 -0.023567 0.998595 0.047463 -0.385697 -0.005000 -0.047593 0.998854 47.143130
0.999681 0.021262 0.013597 -1.569649 -0.021941 0.998413 0.051879 -0.366487 -0.012472 -0.052160 0.998561 47.605001
0.999593 0.018648 0.021577 -1.556585 -0.019790 0.998345 0.053996 -0.345771 -0.020534 -0.054401 0.998308 48.035807
0.999377 0.018956 0.029770 -1.538019 -0.020561 0.998298 0.054586 -0.322744 -0.028685 -0.055164 0.998065 48.465814
0.999037 0.021447 0.038264 -1.516174 -0.023506 0.998253 0.054217 -0.301090 -0.037035 -0.055065 0.997796 48.878489
0.998658 0.023080 0.046352 -1.494614 -0.025663 0.998105 0.055924 -0.283786 -0.044974 -0.057038 0.997358 49.262727
0.998201 0.023751 0.055043 -1.472122 -0.026999 0.997891 0.059042 -0.269380 -0.053525 -0.060422 0.996737 49.614771
0.997672 0.023237 0.064105 -1.448907 -0.027355 0.997567 0.064127 -0.254461 -0.062459 -0.065732 0.995881 49.961502
0.997082 0.022994 0.072786 -1.422772 -0.027986 0.997271 0.068328 -0.237428 -0.071017 -0.070166 0.995004 50.285304
0.996359 0.024502 0.081664 -1.382546 -0.029994 0.997321 0.066718 -0.222932 -0.079811 -0.068924 0.994424 50.648420
0.995460 0.023963 0.092114 -1.336976 -0.029988 0.997462 0.064590 -0.210104 -0.090332 -0.067059 0.993651 50.998044
0.994292 0.020846 0.104632 -1.286237 -0.027506 0.997659 0.062616 -0.194867 -0.103082 -0.065137 0.992538 51.345641
0.992714 0.017851 0.119166 -1.231224 -0.025429 0.997729 0.062376 -0.178506 -0.117782 -0.064951 0.990913 51.688425
0.990605 0.016298 0.135777 -1.175550 -0.025159 0.997646 0.063803 -0.161729 -0.134417 -0.066619 0.988683 51.995220
0.988081 0.015699 0.153133 -1.109988 -0.025984 0.997522 0.065393 -0.142757 -0.151727 -0.068593 0.986040 52.325110
0.985237 0.015828 0.170460 -1.040315 -0.027442 0.997443 0.065993 -0.128730 -0.168980 -0.069697 0.983152 52.631700
0.981965 0.016053 0.188377 -0.964119 -0.028870 0.997436 0.065496 -0.117285 -0.186842 -0.069753 0.979910 52.933355
0.978201 0.016909 0.206970 -0.881778 -0.031026 0.997393 0.065152 -0.105924 -0.205328 -0.070153 0.976176 53.235114
0.973850 0.016537 0.226587 -0.794488 -0.032287 0.997299 0.065984 -0.092403 -0.224883 -0.071574 0.971753 53.535020
0.968946 0.014991 0.246816 -0.707868 -0.032809 0.997130 0.068239 -0.077759 -0.245085 -0.074218 0.966657 53.808088
0.963166 0.013951 0.268545 -0.612400 -0.033815 0.997010 0.069485 -0.062893 -0.266773 -0.076006 0.960758 54.077876
0.956379 0.014229 0.291783 -0.507339 -0.036340 0.996850 0.070499 -0.048768 -0.289861 -0.078027 0.953883 54.350181
0.949003 0.014311 0.314943 -0.402335 -0.039106 0.996598 0.072550 -0.035819 -0.312833 -0.081166 0.946334 54.602858
0.940262 0.014470 0.340144 -0.278701 -0.042204 0.996345 0.074278 -0.019987 -0.337825 -0.084196 0.937436 54.879208
0.930133 0.015232 0.366906 -0.139516 -0.045645 0.996187 0.074358 -0.003431 -0.364375 -0.085910 0.927281 55.161481
0.917866 0.017028 0.396524 0.015916 -0.049323 0.996229 0.071389 0.012084 -0.393813 -0.085084 0.915245 55.441832
0.903246 0.019243 0.428691 0.206599 -0.052693 0.996408 0.066297 0.026654 -0.425875 -0.082472 0.901016 55.761218
0.886379 0.019148 0.462563 0.424292 -0.054545 0.996505 0.063269 0.040041 -0.459735 -0.081311 0.884326 56.102762
0.867544 0.016979 0.497070 0.655851 -0.054956 0.996570 0.061875 0.054159 -0.494314 -0.080996 0.865502 56.431915
0.846240 0.014284 0.532611 0.895992 -0.055735 0.996530 0.061830 0.066609 -0.529879 -0.082008 0.844099 56.744084
0.822234 0.011655 0.569031 1.152224 -0.057796 0.996332 0.063107 0.083001 -0.566208 -0.084777 0.819891 57.047679
0.795053 0.010273 0.606453 1.438138 -0.060643 0.996193 0.062627 0.103882 -0.603501 -0.086568 0.792649 57.351733
0.764904 0.009369 0.644076 1.746182 -0.063828 0.996076 0.061313 0.120790 -0.640974 -0.088008 0.762501 57.645712
0.731659 0.010597 0.681588 2.127773 -0.067583 0.996081 0.057062 0.138181 -0.678312 -0.087814 0.729508 57.980933
0.695277 0.014389 0.718598 2.556788 -0.072566 0.996097 0.050266 0.149743 -0.715069 -0.087095 0.693607 58.322906
0.654510 0.016310 0.755877 2.999669 -0.075930 0.996131 0.044253 0.160688 -0.752231 -0.086357 0.653216 58.631805
0.612299 0.018108 0.790419 3.485737 -0.079352 0.996098 0.038650 0.172277 -0.786634 -0.086386 0.611346 58.937628
0.567294 0.018625 0.823304 4.010998 -0.081267 0.996131 0.033462 0.181344 -0.819496 -0.085890 0.566613 59.230488
0.520159 0.020681 0.853819 4.542054 -0.083301 0.996169 0.026619 0.187895 -0.849997 -0.084970 0.519890 59.486895
0.474419 0.024692 0.879953 5.080677 -0.086286 0.996098 0.018570 0.189890 -0.876060 -0.084738 0.474699 59.716555
0.426325 0.028228 0.904129 5.628864 -0.088715 0.996000 0.010736 0.184210 -0.900209 -0.084787 0.427124 59.914192
0.374664 0.030906 0.926645 6.141718 -0.090267 0.995913 0.003281 0.170891 -0.922756 -0.084874 0.375922 60.059858
0.323100 0.030926 0.945859 6.680024 -0.088376 0.996085 -0.002380 0.155723 -0.942229 -0.082822 0.324569 60.186286
0.271788 0.034518 0.961738 7.280861 -0.087054 0.996142 -0.011151 0.138902 -0.958412 -0.080692 0.273744 60.298007
0.220914 0.043243 0.974334 7.898896 -0.087921 0.995833 -0.024263 0.105461 -0.971322 -0.080304 0.223795 60.380474
0.174113 0.048958 0.983508 8.467569 -0.084577 0.995817 -0.034598 0.078044 -0.981087 -0.077158 0.177525 60.429283
0.133719 0.050858 0.989713 9.077296 -0.080810 0.995917 -0.040258 0.047886 -0.987719 -0.074595 0.137283 60.470594
0.097288 0.057994 0.993565 9.721827 -0.076778 0.995764 -0.050604 0.011818 -0.992290 -0.071360 0.101329 60.493345
0.065757 0.063843 0.995791 10.368613 -0.076122 0.995365 -0.058789 -0.031854 -0.994928 -0.071936 0.070313 60.502249
0.038480 0.068725 0.996893 10.984331 -0.076194 0.994930 -0.065649 -0.077277 -0.996350 -0.073431 0.043522 60.499511
0.016750 0.071520 0.997298 11.552700 -0.076334 0.994620 -0.070045 -0.124476 -0.996942 -0.074954 0.022120 60.489530
-0.001446 0.072963 0.997333 12.104627 -0.073339 0.994642 -0.072872 -0.168097 -0.997306 -0.073249 0.003912 60.473971
-0.016974 0.072177 0.997247 12.666115 -0.072948 0.994644 -0.073230 -0.215244 -0.997191 -0.073990 -0.011618 60.456160
-0.030018 0.071103 0.997017 13.218272 -0.071725 0.994743 -0.073101 -0.263250 -0.996973 -0.073706 -0.024760 60.432542
-0.040133 0.075005 0.996375 13.801427 -0.068480 0.994628 -0.077632 -0.313096 -0.996845 -0.071347 -0.034780 60.399010
-0.047070 0.079380 0.995732 14.392560 -0.066290 0.994392 -0.082407 -0.365986 -0.996690 -0.069886 -0.041543 60.364817
-0.051516 0.079315 0.995517 14.989354 -0.066894 0.994329 -0.082682 -0.416276 -0.996429 -0.070853 -0.045918 60.336070
-0.055980 0.076352 0.995508 15.626612 -0.069462 0.994359 -0.080170 -0.463448 -0.996013 -0.073638 -0.050361 60.306666
-0.059603 0.072628 0.995576 16.281111 -0.076242 0.994106 -0.077085 -0.511395 -0.995306 -0.080499 -0.053715 60.274636
-0.061968 0.073369 0.995378 16.947198 -0.082277 0.993525 -0.078355 -0.567181 -0.994681 -0.086752 -0.055530 60.238022
-0.063049 0.075477 0.995152 17.628035 -0.085042 0.993104 -0.080710 -0.629185 -0.994381 -0.089718 -0.056195 60.198854
-0.062847 0.078766 0.994910 18.332735 -0.082807 0.993033 -0.083848 -0.696147 -0.994582 -0.087655 -0.055886 60.159342
-0.061182 0.079633 0.994945 19.003011 -0.075377 0.993598 -0.084160 -0.758031 -0.995276 -0.080145 -0.054788 60.126623
-0.058925 0.079485 0.995093 19.735595 -0.067118 0.994255 -0.083392 -0.820674 -0.996003 -0.071703 -0.053251 60.093327
-0.057417 0.079698 0.995164 20.457363 -0.066350 0.994301 -0.083457 -0.879225 -0.996143 -0.070822 -0.051802 60.060965
-0.055670 0.078051 0.995394 21.206122 -0.070578 0.994139 -0.081900 -0.938442 -0.995952 -0.074812 -0.049835 60.030681
-0.053985 0.075911 0.995652 21.949125 -0.077406 0.993788 -0.079966 -1.002905 -0.995537 -0.081386 -0.047774 60.003522
-0.051077 0.072649 0.996049 22.715336 -0.079723 0.993872 -0.076578 -1.068705 -0.995508 -0.083319 -0.044972 59.979332
-0.047209 0.080898 0.995604 23.419294 -0.074665 0.993642 -0.084279 -1.132549 -0.996091 -0.078316 -0.040868 59.948537
-0.043036 0.082526 0.995659 24.174459 -0.069062 0.993954 -0.085370 -1.202159 -0.996684 -0.072436 -0.037077 59.930103
-0.040180 0.075755 0.996316 24.918896 -0.068385 0.994576 -0.078381 -1.260045 -0.996850 -0.071282 -0.034781 59.921994
-0.037653 0.069399 0.996878 25.655256 -0.071953 0.994809 -0.071973 -1.313642 -0.996697 -0.074439 -0.032464 59.912803
-0.034113 0.073199 0.996734 26.423093 -0.075915 0.994244 -0.075614 -1.379123 -0.996531 -0.078247 -0.028360 59.894780
-0.030274 0.078706 0.996438 27.218374 -0.075342 0.993880 -0.080793 -1.451956 -0.996698 -0.077519 -0.024158 59.877800
-0.026707 0.078205 0.996579 27.967457 -0.070899 0.994277 -0.079924 -1.517400 -0.997126 -0.072791 -0.021009 59.872947
-0.023302 0.074135 0.996976 28.709324 -0.070218 0.994663 -0.075604 -1.577871 -0.997260 -0.071767 -0.017972 59.873615
-0.020453 0.072461 0.997161 29.461815 -0.070647 0.994773 -0.073736 -1.637052 -0.997292 -0.071955 -0.015227 59.871200
-0.018273 0.076494 0.996902 30.246711 -0.073857 0.994243 -0.077643 -1.705734 -0.997102 -0.075047 -0.012518 59.863137
-0.015680 0.080445 0.996636 31.034506 -0.073224 0.993990 -0.081384 -1.776994 -0.997192 -0.074253 -0.009695 59.856464
-0.012931 0.083119 0.996456 31.794229 -0.072348 0.993850 -0.083840 -1.847132 -0.997296 -0.073175 -0.006838 59.854468
-0.011364 0.082935 0.996490 32.570255 -0.072436 0.993869 -0.083543 -1.915567 -0.997308 -0.073131 -0.005287 59.856026
-0.009065 0.083938 0.996430 33.353879 -0.073984 0.993684 -0.084379 -1.986111 -0.997218 -0.074484 -0.002797 59.859671
-0.006255 0.085931 0.996281 34.160587 -0.075100 0.993448 -0.086158 -2.059499 -0.997157 -0.075359 0.000240 59.865183
-0.003573 0.084032 0.996456 34.946100 -0.074850 0.993646 -0.084063 -2.130061 -0.997189 -0.074885 0.002740 59.877804
-0.000564 0.081431 0.996679 35.738550 -0.073267 0.993998 -0.081254 -2.199323 -0.997312 -0.073070 0.005406 59.893053
0.001715 0.083288 0.996524 36.537509 -0.073287 0.993857 -0.082939 -2.270106 -0.997310 -0.072890 0.007809 59.903399
0.003861 0.081461 0.996669 37.330303 -0.074092 0.993961 -0.080952 -2.340561 -0.997244 -0.073533 0.009873 59.919973
0.006123 0.079816 0.996791 38.123412 -0.074269 0.994094 -0.079143 -2.408461 -0.997220 -0.073546 0.012015 59.938116
0.008996 0.077035 0.996988 38.949670 -0.074699 0.994295 -0.076153 -2.478020 -0.997166 -0.073789 0.014699 59.960641
0.012170 0.076580 0.996989 39.753485 -0.073128 0.994462 -0.075493 -2.546196 -0.997249 -0.071989 0.017703 59.982870
0.016168 0.076289 0.996954 40.524498 -0.070060 0.994722 -0.074981 -2.610787 -0.997412 -0.068635 0.021428 60.007990
0.019674 0.076807 0.996852 41.272169 -0.068219 0.994825 -0.075304 -2.676331 -0.997477 -0.066523 0.024812 60.034809
0.022792 0.070854 0.997226 42.061759 -0.066907 0.995358 -0.069192 -2.736376 -0.997499 -0.065145 0.027427 60.072650
0.025426 0.068007 0.997361 42.885851 -0.068345 0.995468 -0.066135 -2.796134 -0.997338 -0.066483 0.029958 60.107836
0.028400 0.070363 0.997117 43.740613 -0.067960 0.995348 -0.068303 -2.862290 -0.997284 -0.065824 0.033050 60.142018
0.031629 0.069699 0.997066 44.594498 -0.067163 0.995460 -0.067456 -2.924461 -0.997241 -0.064832 0.036167 60.182775
0.034992 0.065738 0.997223 45.443380 -0.066941 0.995748 -0.063292 -2.979449 -0.997143 -0.064540 0.039244 60.229751
0.038378 0.064770 0.997162 46.320291 -0.069294 0.995668 -0.062006 -3.039101 -0.996858 -0.066718 0.042700 60.277516
0.042876 0.065710 0.996917 47.249153 -0.069917 0.995587 -0.062615 -3.103943 -0.996631 -0.067016 0.047281 60.331359
0.049050 0.061798 0.996883 48.168889 -0.066806 0.996053 -0.058459 -3.166024 -0.996560 -0.063730 0.052985 60.396881
0.056268 0.060330 0.996591 49.006552 -0.058671 0.996648 -0.057020 -3.218319 -0.996691 -0.055262 0.059619 60.460996
0.063882 0.058429 0.996245 49.820913 -0.054536 0.996998 -0.054976 -3.266420 -0.996466 -0.050820 0.066876 60.531285
0.071603 0.054757 0.995929 50.698237 -0.052182 0.997331 -0.051082 -3.311035 -0.996068 -0.048312 0.074269 60.614781
0.077836 0.051056 0.995658 51.585827 -0.054436 0.997417 -0.046891 -3.355917 -0.995479 -0.050549 0.080414 60.702573
0.084616 0.051225 0.995096 52.485191 -0.056312 0.997328 -0.046551 -3.399055 -0.994821 -0.052097 0.087274 60.793335
0.091027 0.052017 0.994489 53.401754 -0.060252 0.997094 -0.046639 -3.442825 -0.994024 -0.055675 0.093896 60.891056
0.097365 0.052744 0.993850 54.283184 -0.066699 0.996696 -0.046360 -3.480110 -0.993012 -0.061775 0.100561 60.991267
0.102823 0.051533 0.993364 55.191487 -0.074617 0.996244 -0.043959 -3.525469 -0.991897 -0.069602 0.106282 61.101852
0.109277 0.052228 0.992638 56.079247 -0.077692 0.996013 -0.043853 -3.574390 -0.990971 -0.072328 0.112899 61.215313
0.116315 0.053177 0.991788 56.935059 -0.075865 0.996125 -0.044513 -3.618040 -0.990311 -0.070065 0.119898 61.329199
0.122166 0.054023 0.991038 57.811399 -0.069157 0.996555 -0.045798 -3.662845 -0.990098 -0.062942 0.125482 61.448870
0.127135 0.053402 0.990447 58.632855 -0.065995 0.996793 -0.045273 -3.708379 -0.989688 -0.059609 0.130252 61.568353
0.132246 0.052474 0.989827 59.436574 -0.063081 0.997020 -0.044427 -3.751151 -0.989208 -0.056564 0.135162 61.690576
0.136932 0.050356 0.989300 60.252935 -0.064302 0.997054 -0.041850 -3.788810 -0.988491 -0.057883 0.139767 61.818945
0.141169 0.054431 0.988488 61.062763 -0.066701 0.996742 -0.045359 -3.822492 -0.987736 -0.059530 0.144339 61.941754
0.144560 0.057243 0.987839 61.914743 -0.074136 0.996147 -0.046875 -3.856963 -0.986715 -0.066458 0.148247 62.075566
0.146818 0.055844 0.987586 62.747210 -0.081026 0.995730 -0.044259 -3.892169 -0.985840 -0.073522 0.150715 62.213203
0.148997 0.051700 0.987485 63.585857 -0.085091 0.995599 -0.039286 -3.928822 -0.985170 -0.078172 0.152740 62.356098
0.151840 0.050674 0.987105 64.388215 -0.085448 0.995620 -0.037967 -3.964881 -0.984705 -0.078581 0.155505 62.491986
0.154039 0.049738 0.986812 65.176474 -0.083858 0.995788 -0.037101 -4.002354 -0.984500 -0.077037 0.157561 62.626877
0.155994 0.046752 0.986651 65.948202 -0.080319 0.996173 -0.034505 -4.038507 -0.984487 -0.073865 0.159152 62.762015
0.157805 0.045730 0.986411 66.708951 -0.076366 0.996502 -0.033981 -4.072852 -0.984513 -0.069965 0.160745 62.893304
0.159181 0.044794 0.986233 67.429529 -0.070500 0.996936 -0.033901 -4.099129 -0.984729 -0.064133 0.161851 63.016543
0.160681 0.045142 0.985974 68.168530 -0.067999 0.997087 -0.034570 -4.124728 -0.984661 -0.061491 0.163282 63.144419
0.161678 0.042188 0.985941 68.917835 -0.068803 0.997137 -0.031384 -4.149177 -0.984442 -0.062762 0.164117 63.278642
0.162116 0.042494 0.985856 69.688778 -0.072093 0.996913 -0.031115 -4.175644 -0.984135 -0.066029 0.164679 63.413464
0.162542 0.043277 0.985752 70.459485 -0.074856 0.996700 -0.031414 -4.203313 -0.983858 -0.068684 0.165246 63.547919
0.161951 0.044764 0.985783 71.214175 -0.076013 0.996569 -0.032765 -4.230637 -0.983867 -0.069626 0.164798 63.676741
0.160639 0.044891 0.985992 71.953615 -0.077071 0.996486 -0.032812 -4.261307 -0.984000 -0.070720 0.163535 63.803107
0.159191 0.043769 0.986277 72.639934 -0.076550 0.996557 -0.031869 -4.290918 -0.984276 -0.070427 0.161993 63.920671
0.157436 0.042956 0.986595 73.301845 -0.074075 0.996754 -0.031578 -4.320361 -0.984747 -0.068110 0.160106 64.031632
0.155362 0.042880 0.986927 73.958664 -0.069517 0.997056 -0.032376 -4.344528 -0.985409 -0.063578 0.157886 64.138191
0.153657 0.044665 0.987114 74.582356 -0.068345 0.997067 -0.034477 -4.366490 -0.985758 -0.062167 0.156259 64.237012
0.151879 0.044565 0.987394 75.190532 -0.069520 0.996991 -0.034304 -4.387105 -0.985951 -0.063434 0.154521 64.334514
0.149990 0.045636 0.987634 75.826808 -0.072860 0.996729 -0.034991 -4.409970 -0.985999 -0.066711 0.152825 64.434288
0.147772 0.047171 0.987896 76.461286 -0.076683 0.996402 -0.036106 -4.436955 -0.986044 -0.070419 0.150858 64.532084
0.145141 0.050249 0.988134 77.068185 -0.076946 0.996259 -0.039360 -4.468516 -0.986414 -0.070320 0.148465 64.621262
0.142442 0.052618 0.988403 77.647272 -0.074579 0.996319 -0.042292 -4.500813 -0.986989 -0.067691 0.145842 64.704464
0.139359 0.055008 0.988713 78.214098 -0.071418 0.996415 -0.045370 -4.530314 -0.987663 -0.064289 0.142788 64.783830
0.137356 0.053719 0.989064 78.773442 -0.069424 0.996596 -0.044486 -4.559013 -0.988086 -0.062555 0.140618 64.866825
0.135724 0.052441 0.989358 79.337295 -0.066279 0.996843 -0.043745 -4.583029 -0.988527 -0.059636 0.138771 64.949800
0.134242 0.053687 0.989493 79.888944 -0.067174 0.996728 -0.044966 -4.608466 -0.988669 -0.060432 0.137409 65.026497
0.134489 0.059408 0.989133 80.446901 -0.067086 0.996458 -0.050726 -4.636944 -0.988642 -0.059535 0.137998 65.101112
0.135730 0.064253 0.988660 81.009081 -0.067967 0.996149 -0.055409 -4.669624 -0.988412 -0.059675 0.139574 65.180037
0.137510 0.067593 0.988191 81.608636 -0.068022 0.995959 -0.058659 -4.706354 -0.988162 -0.059153 0.141552 65.268562
0.140853 0.066098 0.987822 82.215334 -0.069272 0.995982 -0.056767 -4.746419 -0.987604 -0.060433 0.144866 65.368245
0.146283 0.065718 0.987057 82.815786 -0.069176 0.996029 -0.056063 -4.783878 -0.986821 -0.060080 0.150248 65.470954
0.152638 0.067930 0.985945 83.412243 -0.070359 0.995851 -0.057720 -4.821456 -0.985775 -0.060560 0.156784 65.574468
0.160291 0.067015 0.984792 84.018743 -0.071214 0.995879 -0.056178 -4.857009 -0.984498 -0.061126 0.164403 65.690564
0.167966 0.068350 0.983420 84.634799 -0.073666 0.995675 -0.056619 -4.892470 -0.983037 -0.062934 0.172275 65.810637
0.176764 0.065889 0.982045 85.251606 -0.075423 0.995731 -0.053232 -4.926627 -0.981359 -0.064659 0.180979 65.942487
0.186260 0.065173 0.980336 85.876382 -0.076314 0.995744 -0.051697 -4.964587 -0.979532 -0.065184 0.190441 66.080809
0.196696 0.060274 0.978610 86.493198 -0.074161 0.996165 -0.046449 -4.998393 -0.977656 -0.063439 0.200412 66.230011
0.206974 0.058366 0.976604 87.109468 -0.073411 0.996332 -0.043987 -5.029358 -0.975588 -0.062589 0.210500 66.381995
0.218941 0.056177 0.974120 87.762876 -0.072198 0.996538 -0.041243 -5.060491 -0.973063 -0.061300 0.222239 66.553297
0.229768 0.055915 0.971638 88.418604 -0.071109 0.996645 -0.040539 -5.089929 -0.970644 -0.059777 0.232973 66.729086
0.240456 0.053980 0.969158 89.082540 -0.071871 0.996703 -0.037682 -5.120536 -0.967996 -0.060593 0.243543 66.917228
0.251405 0.053474 0.966404 89.739911 -0.072253 0.996725 -0.036355 -5.148950 -0.965182 -0.060685 0.254445 67.110352
0.262150 0.050806 0.963689 90.441909 -0.073072 0.996792 -0.032674 -5.170950 -0.962257 -0.061853 0.265021 67.325787
0.273167 0.052558 0.960530 91.146317 -0.078124 0.996421 -0.032304 -5.197481 -0.958789 -0.066216 0.276295 67.545969
0.284119 0.057051 0.957090 91.900188 -0.084005 0.995872 -0.034425 -5.226961 -0.955102 -0.070620 0.287738 67.787470
0.295158 0.060066 0.953559 92.610549 -0.087600 0.995521 -0.035594 -5.255908 -0.951424 -0.073026 0.299097 68.026490
0.305013 0.060020 0.950455 93.328028 -0.091206 0.995267 -0.033580 -5.287395 -0.947971 -0.076445 0.309043 68.278744
0.314070 0.064719 0.947191 94.030687 -0.090880 0.995143 -0.037862 -5.321615 -0.945040 -0.074189 0.318426 68.524525
0.321338 0.070791 0.944315 94.793181 -0.093640 0.994691 -0.042703 -5.364373 -0.942324 -0.074703 0.326261 68.795096
0.327174 0.078396 0.941707 95.588664 -0.098486 0.993955 -0.048529 -5.416208 -0.939818 -0.076867 0.332917 69.081685
0.333141 0.082253 0.939282 96.394431 -0.100334 0.993625 -0.051426 -5.473868 -0.937524 -0.077110 0.339270 69.381859
0.339157 0.082251 0.937127 97.151716 -0.099212 0.993743 -0.051314 -5.528888 -0.935484 -0.075571 0.345195 69.672811
0.346873 0.081705 0.934347 97.810282 -0.091139 0.994421 -0.053123 -5.575641 -0.933474 -0.066728 0.352385 69.931482
0.353783 0.082732 0.931662 98.483887 -0.085319 0.994783 -0.055939 -5.626844 -0.931428 -0.059698 0.358995 70.200770
0.358953 0.081700 0.929773 99.199429 -0.084248 0.994932 -0.054900 -5.681491 -0.929546 -0.058624 0.364017 70.496127
0.363508 0.076299 0.928461 99.891041 -0.086113 0.995126 -0.048063 -5.731700 -0.927603 -0.062481 0.368307 70.793018
0.368227 0.069171 0.927159 100.578296 -0.085353 0.995534 -0.040374 -5.777437 -0.925810 -0.064269 0.372486 71.091546
0.373151 0.068315 0.925252 101.246996 -0.082434 0.995783 -0.040278 -5.823411 -0.924101 -0.061242 0.377209 71.376460
0.378565 0.065115 0.923281 101.903986 -0.079767 0.996107 -0.037545 -5.866497 -0.922131 -0.059434 0.382285 71.665089
0.382673 0.062685 0.921755 102.583845 -0.078400 0.996301 -0.035207 -5.904008 -0.920551 -0.058793 0.386172 71.963975
0.386514 0.062959 0.920132 103.265110 -0.081103 0.996124 -0.034090 -5.940685 -0.918711 -0.061449 0.390122 72.265622
0.390084 0.065220 0.918467 103.976679 -0.084337 0.995827 -0.034895 -5.976977 -0.916909 -0.063848 0.393957 72.580629
0.393111 0.066465 0.917086 104.679838 -0.087576 0.995557 -0.034613 -6.012971 -0.915311 -0.066708 0.397185 72.896476
0.396396 0.066576 0.915663 105.379952 -0.089295 0.995435 -0.033719 -6.051298 -0.913727 -0.068398 0.400531 73.216150
0.400458 0.064968 0.914009 106.054930 -0.088449 0.995567 -0.032013 -6.086268 -0.912037 -0.068023 0.404429 73.529344
0.403801 0.065656 0.912488 106.707662 -0.087303 0.995636 -0.033005 -6.117353 -0.910672 -0.066336 0.407770 73.829341
0.405932 0.067691 0.911393 107.379839 -0.088402 0.995486 -0.034562 -6.153234 -0.909618 -0.066539 0.410083 74.138757
0.407575 0.070013 0.910484 108.034908 -0.088626 0.995383 -0.036869 -6.187970 -0.908861 -0.065666 0.411898 74.441114
0.409256 0.069785 0.909747 108.677493 -0.089332 0.995346 -0.036165 -6.224373 -0.908036 -0.066469 0.413585 74.743535
0.410712 0.072676 0.908864 109.300952 -0.089799 0.995197 -0.039000 -6.266318 -0.907333 -0.065597 0.415265 75.034350
0.413171 0.072780 0.907741 109.926975 -0.088374 0.995302 -0.039575 -6.305032 -0.906355 -0.063869 0.417662 75.331475
0.415598 0.075873 0.906378 110.524371 -0.087060 0.995259 -0.043394 -6.341636 -0.905372 -0.060875 0.420233 75.612168
0.418244 0.077704 0.905005 111.094666 -0.086708 0.995201 -0.045376 -6.378211 -0.904187 -0.059493 0.422974 75.884906
0.420973 0.080914 0.903457 111.666887 -0.086886 0.995032 -0.048630 -6.418025 -0.902903 -0.058026 0.425912 76.159125
0.424366 0.082252 0.901747 112.231549 -0.087116 0.994956 -0.049757 -6.459238 -0.901291 -0.057442 0.429391 76.435845
0.427724 0.082739 0.900115 112.783715 -0.086663 0.994969 -0.050277 -6.499161 -0.899745 -0.056502 0.432743 76.709900
0.431407 0.083607 0.898275 113.332270 -0.086994 0.994913 -0.050822 -6.541206 -0.897954 -0.056219 0.436485 76.985418
0.435031 0.085246 0.896371 113.856260 -0.086877 0.994839 -0.052446 -6.584735 -0.896215 -0.055058 0.440192 77.251154
0.439645 0.084825 0.894157 114.386916 -0.085864 0.994941 -0.052168 -6.629083 -0.894058 -0.053840 0.444704 77.526683
0.444681 0.086562 0.891497 114.908833 -0.084833 0.994916 -0.054289 -6.674839 -0.891663 -0.051487 0.449763 77.799447
0.450544 0.083313 0.888858 115.411763 -0.082400 0.995268 -0.051519 -6.721639 -0.888944 -0.050030 0.455277 78.074098
0.457087 0.077752 0.886017 115.862264 -0.077805 0.995849 -0.047252 -6.760278 -0.886013 -0.047338 0.461239 78.327917
0.463920 0.071395 0.882996 116.289703 -0.073089 0.996435 -0.042166 -6.793771 -0.882857 -0.044976 0.467484 78.575490
0.471080 0.065300 0.879670 116.746118 -0.069395 0.996910 -0.036840 -6.824309 -0.879357 -0.043690 0.474156 78.844151
0.477300 0.060710 0.876641 117.213778 -0.066073 0.997267 -0.033089 -6.844651 -0.876253 -0.042129 0.480006 79.119109
0.482903 0.058102 0.873744 117.675971 -0.067950 0.997275 -0.028761 -6.861153 -0.873034 -0.045482 0.485535 79.392189
0.488390 0.055428 0.870864 118.172645 -0.072871 0.997087 -0.022596 -6.874811 -0.869578 -0.052425 0.491005 79.690962
0.493985 0.053881 0.867799 118.695414 -0.079880 0.996671 -0.016411 -6.889824 -0.865794 -0.061213 0.496644 80.008705
0.499352 0.051230 0.864883 119.227364 -0.085719 0.996275 -0.009522 -6.904016 -0.862149 -0.069382 0.501883 80.337790
0.504973 0.051282 0.861611 119.726545 -0.089969 0.995924 -0.006547 -6.920686 -0.858434 -0.074212 0.507528 80.648175
0.511567 0.046919 0.857962 120.257557 -0.088763 0.996053 -0.001545 -6.934471 -0.854647 -0.075365 0.513712 80.988882
0.517841 0.043281 0.854381 120.800439 -0.086261 0.996272 0.001814 -6.947843 -0.851117 -0.074639 0.519644 81.339640
0.523708 0.040149 0.850951 121.362170 -0.083495 0.996500 0.004370 -6.955899 -0.847797 -0.073339 0.525227 81.705141
0.529892 0.037612 0.847231 121.913015 -0.081665 0.996638 0.006832 -6.958440 -0.844125 -0.072810 0.531181 82.068576
0.536254 0.035729 0.843300 122.487618 -0.082250 0.996562 0.010080 -6.957073 -0.840040 -0.074767 0.537349 82.453521
0.542595 0.031544 0.839402 123.061470 -0.083288 0.996392 0.016394 -6.950524 -0.835856 -0.078807 0.543264 82.847473
0.549596 0.033210 0.834770 123.663597 -0.085816 0.996170 0.016869 -6.946045 -0.831012 -0.080908 0.550340 83.259943
0.556921 0.035026 0.829827 124.245552 -0.088562 0.995920 0.017400 -6.945351 -0.825831 -0.083182 0.557750 83.667331
0.564562 0.034769 0.824658 124.827447 -0.088667 0.995887 0.018713 -6.945086 -0.820615 -0.083685 0.565322 84.086375
0.572068 0.031543 0.819599 125.382941 -0.088749 0.995775 0.023622 -6.941531 -0.815391 -0.086252 0.572450 84.499564
0.579872 0.030391 0.814141 125.940337 -0.087885 0.995807 0.025424 -6.934605 -0.809954 -0.086293 0.580111 84.916652
0.586486 0.029104 0.809436 126.531036 -0.087798 0.995751 0.027812 -6.924994 -0.805187 -0.087378 0.586549 85.364242
0.591156 0.029672 0.806011 127.116259 -0.088523 0.995674 0.028272 -6.912242 -0.801685 -0.088064 0.591225 85.806812
0.594549 0.030831 0.803468 127.722149 -0.089184 0.995629 0.027790 -6.897986 -0.799098 -0.088179 0.594699 86.265268
0.597861 0.033461 0.800901 128.340814 -0.089347 0.995686 0.025098 -6.885144 -0.796605 -0.086563 0.598271 86.733241
0.600686 0.036930 0.798632 128.979453 -0.089364 0.995775 0.021169 -6.876231 -0.794475 -0.084085 0.601447 87.217576
0.603174 0.042433 0.796481 129.625337 -0.090438 0.995784 0.015438 -6.873938 -0.792466 -0.081344 0.604467 87.709236
0.605962 0.047433 0.794079 130.272566 -0.092677 0.995634 0.011249 -6.873207 -0.790077 -0.080409 0.607711 88.209310
0.608467 0.051828 0.791885 130.933042 -0.094743 0.995474 0.007646 -6.874909 -0.787904 -0.079678 0.610622 88.724637
0.611594 0.052501 0.789428 131.590310 -0.095992 0.995350 0.008173 -6.875010 -0.785327 -0.080778 0.613789 89.249169
0.614357 0.050973 0.787380 132.242437 -0.094258 0.995508 0.009099 -6.875775 -0.783378 -0.079807 0.616401 89.774580
0.617473 0.046454 0.785219 132.874707 -0.093024 0.995563 0.014253 -6.872638 -0.781073 -0.081844 0.619054 90.294765
0.620592 0.041374 0.783041 133.548403 -0.093496 0.995389 0.021505 -6.858920 -0.778540 -0.086557 0.621598 90.853409
0.623897 0.043911 0.780272 134.279676 -0.097187 0.995031 0.021712 -6.842560 -0.775441 -0.089378 0.625063 91.453171
0.627564 0.045081 0.777259 135.015728 -0.102906 0.994368 0.025415 -6.821451 -0.771734 -0.095934 0.628668 92.066980
0.630943 0.050344 0.774194 135.784934 -0.109911 0.993629 0.024961 -6.804457 -0.768004 -0.100842 0.632456 92.710655
0.635347 0.054170 0.770325 136.497642 -0.113258 0.993288 0.023563 -6.794904 -0.763877 -0.102216 0.637216 93.314454
0.639223 0.056141 0.766970 137.210504 -0.111779 0.993524 0.020437 -6.789602 -0.760855 -0.098795 0.641358 93.920527
0.643839 0.058328 0.762934 137.908140 -0.105905 0.994288 0.013358 -6.786973 -0.757796 -0.089399 0.646338 94.516023
0.648750 0.057668 0.758813 138.599902 -0.098023 0.995152 0.008176 -6.790758 -0.754662 -0.079686 0.651257 95.118319
0.654636 0.057426 0.753760 139.267912 -0.094342 0.995523 0.006091 -6.791660 -0.750034 -0.075099 0.657122 95.715355
0.660366 0.060905 0.748470 139.965957 -0.097186 0.995256 0.004759 -6.792549 -0.744629 -0.075884 0.663152 96.348972
0.665589 0.065910 0.743403 140.718593 -0.099826 0.995006 0.001160 -6.800868 -0.739612 -0.074983 0.668844 97.038670
0.669581 0.068549 0.739569 141.427637 -0.099310 0.995055 -0.002317 -6.817421 -0.736070 -0.071896 0.673077 97.696025
0.674206 0.066491 0.735545 142.114114 -0.093836 0.995581 -0.003986 -6.833935 -0.732558 -0.066334 0.677465 98.342403
0.677881 0.065759 0.732225 142.803354 -0.092329 0.995722 -0.003946 -6.846770 -0.729351 -0.064931 0.681052 98.998006
0.680590 0.067942 0.729508 143.501270 -0.093306 0.995623 -0.005678 -6.857752 -0.726699 -0.064203 0.683950 99.662930
0.682146 0.072538 0.727610 144.206071 -0.097553 0.995202 -0.007758 -6.870049 -0.724680 -0.065689 0.685948 100.335977
0.682723 0.075167 0.726801 144.921933 -0.099930 0.994955 -0.009030 -6.881837 -0.723812 -0.066464 0.686790 101.018872
0.682901 0.078357 0.726296 145.643860 -0.102603 0.994665 -0.010838 -6.897800 -0.723269 -0.067119 0.687297 101.708667
0.683298 0.078273 0.725932 146.371081 -0.103726 0.994561 -0.009603 -6.914290 -0.722734 -0.068737 0.687700 102.410161
0.683419 0.077502 0.725901 147.095801 -0.104651 0.994481 -0.007651 -6.930516 -0.722486 -0.070737 0.687757 103.110711
0.683346 0.075603 0.726170 147.818321 -0.103325 0.994629 -0.006321 -6.946655 -0.722746 -0.070712 0.687487 103.808225
0.682563 0.071876 0.727284 148.517000 -0.102122 0.994770 -0.002469 -6.958842 -0.723657 -0.072586 0.686333 104.482056
0.681069 0.068411 0.729016 149.224999 -0.100394 0.994949 0.000425 -6.967486 -0.725304 -0.073479 0.684497 105.156896
0.679330 0.066150 0.730846 149.942258 -0.101132 0.994867 0.003957 -6.972251 -0.726831 -0.076600 0.682532 105.837449
0.677463 0.065204 0.732661 150.680682 -0.101677 0.994804 0.005483 -6.975072 -0.728496 -0.078210 0.680572 106.531147
0.675668 0.067231 0.734134 151.397592 -0.103731 0.994597 0.004387 -6.975801 -0.729872 -0.079117 0.678990 107.196461
0.673176 0.068906 0.736265 152.120502 -0.107026 0.994246 0.004805 -6.975462 -0.731696 -0.082034 0.676677 107.863092
0.669814 0.073012 0.738930 152.878793 -0.108705 0.994076 0.000315 -6.985035 -0.734529 -0.080536 0.673782 108.549163
0.667161 0.069295 0.741684 153.596531 -0.103356 0.994646 0.000041 -6.992511 -0.737709 -0.076685 0.670750 109.200066
0.664816 0.060295 0.744570 154.289911 -0.094097 0.995559 0.003398 -6.991631 -0.741058 -0.072321 0.667536 109.828727
0.661702 0.055520 0.747709 155.032993 -0.087517 0.996159 0.003482 -6.994489 -0.744642 -0.067742 0.664018 110.491238
0.657900 0.057115 0.750937 155.743613 -0.091658 0.995782 0.004564 -6.994812 -0.747507 -0.071832 0.660359 111.118584
0.653973 0.059009 0.754213 156.475522 -0.096977 0.995269 0.006219 -6.994830 -0.750277 -0.077208 0.656601 111.760310
0.650629 0.060050 0.757018 157.213798 -0.100921 0.994865 0.007821 -6.993712 -0.752660 -0.081487 0.653348 112.402252
0.647474 0.060513 0.759682 157.959772 -0.100551 0.994913 0.006449 -6.991175 -0.755425 -0.080563 0.650264 113.039781
0.644268 0.062449 0.762246 158.718482 -0.101099 0.994870 0.003943 -6.992881 -0.758088 -0.079603 0.647276 113.681511
0.641123 0.062970 0.764850 159.468870 -0.098562 0.995132 0.000689 -6.997196 -0.761083 -0.075827 0.644208 114.308618
0.637374 0.063338 0.767947 160.175583 -0.096358 0.995346 -0.002119 -7.006530 -0.764506 -0.072647 0.640510 114.893110
0.633828 0.062625 0.770935 160.883182 -0.093040 0.995654 -0.004386 -7.015008 -0.767858 -0.068947 0.636900 115.474753
0.630112 0.062582 0.773978 161.621813 -0.093252 0.995634 -0.004586 -7.025294 -0.770885 -0.069286 0.633196 116.081356
0.625684 0.061264 0.777667 162.374351 -0.093081 0.995654 -0.003547 -7.030975 -0.774504 -0.070167 0.628666 116.692119
0.620182 0.062572 0.781958 163.150528 -0.093059 0.995645 -0.005865 -7.037771 -0.778919 -0.069131 0.623304 117.308268
0.613784 0.059224 0.787250 163.922159 -0.092066 0.995750 -0.003129 -7.045280 -0.784088 -0.070558 0.616626 117.916179
0.608160 0.051927 0.792115 164.659813 -0.085775 0.996316 0.000542 -7.050650 -0.789167 -0.068273 0.610373 118.489135
0.601862 0.045863 0.797282 165.344248 -0.080843 0.996722 0.003692 -7.050035 -0.794498 -0.066676 0.603596 119.009136
0.594763 0.043995 0.802696 166.083486 -0.078411 0.996917 0.003460 -7.037568 -0.800068 -0.064998 0.596379 119.555021
0.587137 0.047553 0.808090 166.814747 -0.086708 0.996226 0.004375 -7.029220 -0.804831 -0.072637 0.589044 120.085167
0.578798 0.048703 0.814015 167.569219 -0.096162 0.995328 0.008823 -7.022341 -0.809782 -0.083384 0.580777 120.624178
0.571260 0.051595 0.819146 168.304728 -0.101823 0.994769 0.008353 -7.020470 -0.814429 -0.088180 0.573524 121.136975
0.564038 0.048332 0.824334 169.082023 -0.103634 0.994537 0.012599 -7.012598 -0.819220 -0.092535 0.565965 121.674207
0.556695 0.046756 0.829400 169.853006 -0.101077 0.994811 0.011762 -7.005044 -0.824545 -0.090381 0.558531 122.187874
0.549928 0.048558 0.833799 170.657404 -0.097236 0.995244 0.006172 -7.004903 -0.829533 -0.084470 0.552034 122.710395
0.543980 0.043567 0.837967 171.447501 -0.086870 0.996211 0.004600 -7.001542 -0.834590 -0.075297 0.545702 123.222322
0.536748 0.042999 0.842647 172.205320 -0.083467 0.996510 0.002316 -6.998163 -0.839604 -0.071576 0.538463 123.698780
0.528202 0.045586 0.847895 172.963894 -0.087023 0.996208 0.000653 -6.997125 -0.844648 -0.074132 0.530165 124.164732
0.519506 0.050998 0.852944 173.734675 -0.092049 0.995750 -0.003472 -7.006275 -0.849494 -0.076710 0.521992 124.626591
0.512176 0.050669 0.857385 174.492690 -0.093147 0.995649 -0.003197 -7.015065 -0.853815 -0.078226 0.514667 125.079905
0.504778 0.047959 0.861916 175.234699 -0.092629 0.995702 -0.001155 -7.021244 -0.858266 -0.079255 0.507050 125.515475
0.497382 0.051164 0.866022 176.000160 -0.092722 0.995678 -0.005571 -7.029666 -0.862562 -0.077529 0.499976 125.947422
0.490282 0.056235 0.869748 176.771918 -0.096572 0.995278 -0.009913 -7.042638 -0.866197 -0.079133 0.493397 126.377006
0.484790 0.056634 0.872795 177.540156 -0.099508 0.994995 -0.009292 -7.056913 -0.868952 -0.082346 0.487999 126.807525
0.479834 0.055382 0.875610 178.307338 -0.101632 0.994798 -0.007227 -7.069599 -0.871453 -0.085522 0.482966 127.234832
0.475163 0.052615 0.878324 179.076585 -0.098948 0.995076 -0.006079 -7.078883 -0.874317 -0.084020 0.478028 127.657010
0.471085 0.051232 0.880599 179.835476 -0.094554 0.995495 -0.007334 -7.091179 -0.877005 -0.079809 0.473807 128.066195
0.467627 0.046562 0.882699 180.564723 -0.088136 0.996093 -0.005851 -7.096788 -0.879521 -0.075061 0.469903 128.458639
0.464147 0.042907 0.884719 181.277877 -0.086796 0.996224 -0.002779 -7.099477 -0.881496 -0.075500 0.466118 128.840389
0.460816 0.046428 0.886281 182.036546 -0.092228 0.995731 -0.004207 -7.104057 -0.882691 -0.079801 0.463130 129.235723
0.457169 0.053695 0.887758 182.826296 -0.100203 0.994932 -0.008576 -7.118177 -0.883717 -0.085036 0.460232 129.640397
0.454154 0.059289 0.888949 183.567513 -0.103704 0.994520 -0.013348 -7.139135 -0.884867 -0.086126 0.457813 130.018741
0.451983 0.062860 0.889809 184.288488 -0.102301 0.994587 -0.018297 -7.164919 -0.886141 -0.082759 0.455966 130.385022
0.450154 0.063216 0.890711 185.049870 -0.098757 0.994898 -0.020699 -7.193280 -0.887473 -0.078646 0.454100 130.776159
0.448372 0.059741 0.891849 185.768202 -0.092070 0.995545 -0.020400 -7.225131 -0.889093 -0.072966 0.451874 131.148411
0.446936 0.055955 0.892814 186.461583 -0.083669 0.996283 -0.020555 -7.249634 -0.890645 -0.065514 0.449956 131.503259
0.444265 0.059097 0.893944 187.171845 -0.080243 0.996438 -0.025994 -7.275849 -0.892295 -0.060185 0.447424 131.857830
0.438838 0.062968 0.896357 187.876619 -0.087851 0.995771 -0.026941 -7.297552 -0.894262 -0.066923 0.442513 132.200518
0.435175 0.064885 0.898005 188.618993 -0.101558 0.994574 -0.022647 -7.325634 -0.894600 -0.081345 0.439403 132.570446
0.431477 0.065101 0.899772 189.400330 -0.109382 0.993811 -0.019452 -7.356596 -0.895468 -0.090026 0.435927 132.957227
0.430049 0.063057 0.900601 190.131662 -0.107472 0.994042 -0.018281 -7.384070 -0.896386 -0.088927 0.434263 133.317281
0.428287 0.063865 0.901383 190.828761 -0.103443 0.994409 -0.021305 -7.414986 -0.897702 -0.084117 0.432499 133.653046
0.426698 0.063483 0.902163 191.531422 -0.100610 0.994675 -0.022407 -7.443747 -0.898781 -0.081206 0.430812 133.991383
0.424321 0.063278 0.903298 192.205633 -0.102544 0.994498 -0.021497 -7.471529 -0.899687 -0.083507 0.428475 134.315506
0.422293 0.062750 0.904285 192.881766 -0.104166 0.994353 -0.020355 -7.499587 -0.900454 -0.085600 0.426444 134.640161
0.420527 0.062939 0.905094 193.588376 -0.105195 0.994247 -0.020262 -7.529718 -0.901161 -0.086690 0.424728 134.975936
0.418200 0.063911 0.906104 194.284174 -0.104227 0.994311 -0.022028 -7.560597 -0.902355 -0.085229 0.422482 135.301506
0.415468 0.063743 0.907371 194.962261 -0.101916 0.994524 -0.023200 -7.589427 -0.903880 -0.082837 0.419689 135.616089
0.412111 0.062405 0.908994 195.642090 -0.099862 0.994737 -0.023017 -7.616962 -0.905645 -0.081288 0.416173 135.929285
0.408488 0.061060 0.910719 196.333585 -0.097576 0.994965 -0.022942 -7.644776 -0.907533 -0.079493 0.412389 136.244101
0.404820 0.059144 0.912481 197.027446 -0.094920 0.995234 -0.022396 -7.673671 -0.909456 -0.077547 0.408505 136.556884
0.401084 0.057605 0.914228 197.719667 -0.090813 0.995606 -0.022892 -7.699360 -0.911529 -0.073842 0.404553 136.862401
0.397213 0.057046 0.915952 198.401713 -0.086734 0.995934 -0.024414 -7.724969 -0.913619 -0.069747 0.400545 137.158626
0.392720 0.054824 0.918022 199.067259 -0.084800 0.996129 -0.023212 -7.748246 -0.915740 -0.068732 0.395849 137.447462
0.387948 0.050732 0.920284 199.717781 -0.085443 0.996165 -0.018896 -7.770140 -0.917712 -0.071301 0.390795 137.730210
0.383105 0.048052 0.922454 200.381284 -0.086321 0.996140 -0.016040 -7.790244 -0.919662 -0.073482 0.385774 138.011568
0.378150 0.048020 0.924498 201.050089 -0.085987 0.996160 -0.016571 -7.812033 -0.921742 -0.073229 0.380827 138.286131
0.373331 0.046278 0.926543 201.764817 -0.084033 0.996338 -0.015905 -7.832918 -0.923884 -0.071923 0.375852 138.577177
0.368061 0.042856 0.928813 202.487627 -0.081188 0.996605 -0.013811 -7.851555 -0.926250 -0.070325 0.370291 138.868537
0.362404 0.040862 0.931125 203.183903 -0.079235 0.996774 -0.012903 -7.866684 -0.928647 -0.069102 0.364472 139.141309
0.357038 0.039478 0.933255 203.876918 -0.078080 0.996873 -0.012298 -7.882304 -0.930821 -0.068478 0.359003 139.407855
0.350794 0.038658 0.935654 204.600183 -0.076593 0.996986 -0.012475 -7.896313 -0.933315 -0.067289 0.352698 139.677488
0.344632 0.037489 0.937989 205.316197 -0.076213 0.997023 -0.011847 -7.912232 -0.935639 -0.067405 0.346463 139.940342
0.338277 0.039871 0.940201 206.004372 -0.075143 0.997058 -0.015246 -7.928427 -0.938041 -0.065493 0.340278 140.181711
0.331868 0.041575 0.942409 206.724116 -0.076126 0.996952 -0.017173 -7.944515 -0.940249 -0.066042 0.334021 140.432242
0.324749 0.043422 0.944803 207.451069 -0.078782 0.996717 -0.018729 -7.960322 -0.942513 -0.068351 0.327103 140.679736
0.318219 0.042998 0.947042 208.206440 -0.082517 0.996437 -0.017513 -7.973864 -0.944419 -0.072574 0.320633 140.935610
0.312838 0.044864 0.948746 208.983382 -0.087253 0.996019 -0.018329 -7.989627 -0.945790 -0.077047 0.315507 141.193753
0.307696 0.048851 0.950230 209.762679 -0.089606 0.995732 -0.022175 -8.006729 -0.947256 -0.078323 0.310760 141.446381
0.302838 0.050406 0.951708 210.614683 -0.096963 0.995050 -0.021847 -8.023304 -0.948097 -0.085664 0.306226 141.722535
0.299504 0.054439 0.952541 211.468555 -0.102869 0.994395 -0.024486 -8.052546 -0.948533 -0.090653 0.303425 141.995350
0.297461 0.058312 0.952952 212.409815 -0.102001 0.994363 -0.029006 -8.090163 -0.949270 -0.088574 0.301732 142.292734
0.294243 0.061878 0.953725 213.450944 -0.091404 0.995151 -0.036366 -8.137953 -0.951350 -0.076474 0.298472 142.619109
0.293132 0.063084 0.953989 214.670356 -0.078190 0.996062 -0.041841 -8.209455 -0.952869 -0.062328 0.296910 143.004404
0.291679 0.062493 0.954473 215.796032 -0.069077 0.996636 -0.044144 -8.260865 -0.954019 -0.053057 0.295014 143.354312
0.287536 0.068867 0.955291 216.755460 -0.072248 0.996131 -0.050065 -8.308470 -0.955041 -0.054622 0.291399 143.641838
0.283220 0.075792 0.956056 217.746331 -0.078284 0.995375 -0.055718 -8.364788 -0.955855 -0.059063 0.287843 143.937108
0.280461 0.078340 0.956663 218.837888 -0.083930 0.994850 -0.056862 -8.432897 -0.956189 -0.064345 0.285591 144.264650
0.278800 0.074446 0.957459 219.819107 -0.079175 0.995380 -0.054339 -8.491062 -0.957080 -0.060657 0.283406 144.562917
0.277816 0.069749 0.958099 220.882470 -0.071260 0.996111 -0.051853 -8.550961 -0.957988 -0.053868 0.281706 144.883580
0.274716 0.067660 0.959142 221.893463 -0.069218 0.996326 -0.050457 -8.599784 -0.959031 -0.052528 0.278390 145.181162
0.270213 0.065486 0.960571 222.864220 -0.075241 0.996071 -0.046740 -8.647078 -0.959856 -0.059645 0.274078 145.464614
0.266603 0.063661 0.961702 223.936087 -0.079798 0.995850 -0.043800 -8.703399 -0.960498 -0.065065 0.270576 145.771603
0.264062 0.061907 0.962517 224.944440 -0.078766 0.995991 -0.042451 -8.754373 -0.961284 -0.064604 0.267880 146.055899
0.262340 0.059883 0.963116 225.936400 -0.074975 0.996322 -0.041525 -8.800242 -0.962059 -0.061316 0.265865 146.332628
0.260101 0.060938 0.963657 226.921226 -0.073718 0.996349 -0.043108 -8.846784 -0.962764 -0.059827 0.263643 146.602317
0.257576 0.063001 0.964202 227.898549 -0.073320 0.996271 -0.045510 -8.898294 -0.963473 -0.058974 0.261235 146.867078
0.255485 0.063326 0.964737 228.900299 -0.074123 0.996200 -0.045762 -8.954029 -0.963968 -0.059818 0.259208 147.140072
0.253628 0.064749 0.965133 229.918421 -0.074924 0.996076 -0.047135 -9.009829 -0.964396 -0.060357 0.257484 147.414473
0.252435 0.064700 0.965449 230.890068 -0.075579 0.996034 -0.046988 -9.061188 -0.964658 -0.061107 0.256324 147.676987
0.251466 0.063143 0.965805 231.845626 -0.077749 0.995964 -0.044872 -9.112496 -0.964739 -0.063806 0.255360 147.937483
0.250612 0.062515 0.966067 232.755451 -0.080352 0.995815 -0.043596 -9.164050 -0.964748 -0.066700 0.254586 148.185149
0.250686 0.057643 0.966351 233.651186 -0.081148 0.995965 -0.038358 -9.207337 -0.964662 -0.068802 0.254352 148.433997
0.251880 0.053740 0.966266 234.557473 -0.078606 0.996296 -0.034920 -9.248513 -0.964561 -0.067159 0.255171 148.684423
0.252535 0.051860 0.966197 235.457229 -0.077685 0.996428 -0.033178 -9.287034 -0.964464 -0.066680 0.255662 148.930881
0.253101 0.051188 0.966085 236.345279 -0.077828 0.996442 -0.032406 -9.324837 -0.964305 -0.066987 0.256184 149.173883
0.254012 0.050413 0.965887 237.242291 -0.078760 0.996404 -0.031293 -9.359724 -0.963989 -0.068125 0.257069 149.419885
0.254108 0.052627 0.965744 238.138661 -0.083863 0.995958 -0.032207 -9.402021 -0.963534 -0.072806 0.257494 149.664385
0.254518 0.053704 0.965576 238.994354 -0.084421 0.995881 -0.033137 -9.439350 -0.963377 -0.073081 0.258003 149.898326
0.254909 0.049598 0.965693 239.871876 -0.084315 0.996022 -0.028900 -9.477071 -0.963282 -0.074056 0.258077 150.143351
0.254582 0.047154 0.965901 240.785861 -0.076785 0.996645 -0.028417 -9.510767 -0.963999 -0.066932 0.257348 150.391297
0.254307 0.045991 0.966030 241.654906 -0.074682 0.996822 -0.027796 -9.545007 -0.964236 -0.065076 0.256934 150.627190
0.253240 0.042906 0.966452 242.617056 -0.073568 0.996979 -0.024984 -9.575506 -0.964603 -0.064773 0.255631 150.889260
0.251430 0.041159 0.967001 243.527507 -0.078088 0.996703 -0.022119 -9.600256 -0.964721 -0.069950 0.253815 151.134463
0.249072 0.041980 0.967575 244.386638 -0.083844 0.996246 -0.021641 -9.625482 -0.964849 -0.075735 0.251657 151.361296
0.246479 0.042951 0.968196 245.209088 -0.087753 0.995905 -0.021840 -9.651906 -0.965168 -0.079579 0.249239 151.575407
0.244226 0.039800 0.968902 246.058976 -0.087668 0.995974 -0.018813 -9.679000 -0.965748 -0.080347 0.246732 151.798900
0.241632 0.037716 0.969635 246.947783 -0.086343 0.996118 -0.017229 -9.702646 -0.966519 -0.079558 0.243950 152.027190
0.238615 0.036925 0.970413 247.850659 -0.085656 0.996184 -0.016844 -9.723015 -0.967330 -0.079102 0.240867 152.253449
0.235192 0.035776 0.971291 248.768987 -0.086357 0.996141 -0.015781 -9.742400 -0.968105 -0.080166 0.237374 152.481186
0.231668 0.035403 0.972151 249.688876 -0.086900 0.996097 -0.015566 -9.763731 -0.968906 -0.080874 0.233840 152.704865
0.228275 0.034042 0.973002 250.601701 -0.087791 0.996039 -0.014251 -9.783844 -0.969631 -0.082168 0.230359 152.924807
0.225106 0.031151 0.973837 251.521172 -0.087300 0.996115 -0.011684 -9.801800 -0.970416 -0.082386 0.226951 153.144977
0.222289 0.028568 0.974563 252.446678 -0.086792 0.996184 -0.009405 -9.815074 -0.971110 -0.082494 0.223920 153.363326
0.219319 0.026304 0.975299 253.341622 -0.087899 0.996106 -0.007099 -9.826796 -0.971686 -0.084171 0.220777 153.571774
0.216827 0.021835 0.975966 254.244683 -0.087953 0.996122 -0.002746 -9.836845 -0.972240 -0.085244 0.217906 153.782777
0.214556 0.015247 0.976593 255.141740 -0.083632 0.996494 0.002817 -9.840052 -0.973125 -0.082279 0.215079 153.990525
0.212839 0.011208 0.977024 256.000775 -0.078344 0.996912 0.005631 -9.840308 -0.973942 -0.077742 0.213060 154.184991
0.210232 0.009532 0.977606 256.893627 -0.076408 0.997056 0.006710 -9.840954 -0.974661 -0.076108 0.210342 154.381848
0.207343 0.009126 0.978226 257.776742 -0.079744 0.996788 0.007603 -9.840684 -0.975013 -0.079585 0.207405 154.572347
0.204456 0.010393 0.978821 258.698208 -0.083294 0.996503 0.006818 -9.842526 -0.975326 -0.082924 0.204607 154.767295
0.201682 0.011138 0.979388 259.655168 -0.086823 0.996204 0.006550 -9.844844 -0.975596 -0.086354 0.201883 154.967402
0.199402 0.012224 0.979842 260.595783 -0.087485 0.996153 0.005376 -9.848940 -0.976005 -0.086794 0.199705 155.160775
0.196895 0.012757 0.980342 261.544818 -0.088034 0.996108 0.004719 -9.853385 -0.976465 -0.087233 0.197252 155.353727
0.193789 0.011368 0.980978 262.480729 -0.086219 0.996263 0.005488 -9.859119 -0.977248 -0.085643 0.194045 155.541878
0.189474 0.011989 0.981813 263.409278 -0.083778 0.996478 0.004000 -9.863696 -0.978305 -0.083012 0.189811 155.719300
0.184251 0.020920 0.982657 264.275676 -0.087190 0.996182 -0.004859 -9.874100 -0.979005 -0.084783 0.185371 155.871958
0.180038 0.022026 0.983414 265.187503 -0.092671 0.995684 -0.005335 -9.889771 -0.979285 -0.090174 0.181302 156.040949
0.176375 0.023516 0.984043 266.196589 -0.091500 0.995779 -0.007396 -9.908334 -0.980062 -0.088735 0.177782 156.220798
0.171767 0.022575 0.984879 267.049408 -0.077281 0.996967 -0.009374 -9.924691 -0.982102 -0.074502 0.172990 156.369096
0.166036 0.019175 0.985934 267.916394 -0.063995 0.997915 -0.008631 -9.927446 -0.984042 -0.061661 0.166917 156.515510
0.159400 0.014868 0.987103 268.769409 -0.060336 0.998166 -0.005292 -9.934597 -0.985369 -0.058715 0.160005 156.658273
0.153556 0.010993 0.988079 269.565565 -0.066218 0.997807 -0.000810 -9.936024 -0.985919 -0.065304 0.153947 156.787710
0.148518 0.008842 0.988871 270.403240 -0.073792 0.997273 0.002166 -9.936456 -0.986153 -0.073293 0.148766 156.917650
0.143244 0.009151 0.989646 271.223897 -0.078989 0.996875 0.002215 -9.939268 -0.986531 -0.078488 0.143519 157.037376
0.137361 0.005559 0.990506 272.052391 -0.079617 0.996812 0.005446 -9.937279 -0.987316 -0.079610 0.137366 157.156159
0.130586 0.001545 0.991436 272.846413 -0.081828 0.996605 0.009225 -9.930393 -0.988055 -0.082332 0.130269 157.263855
0.124133 -0.002178 0.992264 273.677908 -0.086693 0.996152 0.013032 -9.923707 -0.988472 -0.087640 0.123467 157.371451
0.117274 -0.004056 0.993092 274.509128 -0.090690 0.995771 0.014776 -9.919896 -0.988951 -0.091797 0.116410 157.468844
0.110549 -0.000484 0.993871 275.313728 -0.088679 0.996008 0.010349 -9.919668 -0.989907 -0.089280 0.110065 157.549191
0.105159 0.000235 0.994456 276.077023 -0.083994 0.996430 0.008646 -9.917519 -0.990902 -0.084438 0.104803 157.625023
0.098674 0.001558 0.995119 276.887454 -0.081482 0.996655 0.006519 -9.916128 -0.991779 -0.081728 0.098471 157.700969
0.092158 0.001518 0.995744 277.706400 -0.082804 0.996549 0.006145 -9.913042 -0.992296 -0.083018 0.091966 157.776026
0.086235 0.000418 0.996275 278.576828 -0.085405 0.996323 0.006974 -9.912659 -0.992608 -0.085688 0.085953 157.851979
0.080612 0.003663 0.996739 279.527521 -0.086651 0.996235 0.003347 -9.918822 -0.992972 -0.086638 0.080627 157.924551
0.075337 0.005094 0.997146 280.436004 -0.084317 0.996440 0.001280 -9.930399 -0.993587 -0.084172 0.075498 157.991677
0.071171 0.003986 0.997457 281.288226 -0.080552 0.996750 0.001764 -9.937208 -0.994207 -0.080473 0.071261 158.053728
0.067773 0.004746 0.997690 282.141380 -0.078896 0.996884 0.000617 -9.939184 -0.994577 -0.078755 0.067937 158.111201
0.065297 0.009269 0.997823 283.010434 -0.079922 0.996795 -0.004029 -9.942563 -0.994661 -0.079484 0.065829 158.164797
0.063623 0.010035 0.997924 283.914687 -0.082582 0.996575 -0.004756 -9.949162 -0.994552 -0.082108 0.064234 158.225393
0.062136 0.011018 0.998007 284.796176 -0.084182 0.996435 -0.005759 -9.956950 -0.994512 -0.083657 0.062843 158.283078
0.061194 0.012373 0.998050 285.708653 -0.085324 0.996329 -0.007121 -9.969702 -0.994473 -0.084722 0.062025 158.341926
0.060980 0.013957 0.998042 286.564101 -0.083668 0.996456 -0.008822 -9.982032 -0.994627 -0.082967 0.061931 158.396681
0.061177 0.015485 0.998007 287.418774 -0.082193 0.996564 -0.010424 -9.994930 -0.994738 -0.081391 0.062239 158.452165
0.062202 0.018716 0.997889 288.279532 -0.080503 0.996662 -0.013674 -10.007648 -0.994812 -0.079482 0.063502 158.508252
0.063705 0.021105 0.997746 289.138539 -0.079610 0.996699 -0.016000 -10.021030 -0.994789 -0.078411 0.065175 158.567905
0.065476 0.022221 0.997607 289.972842 -0.079334 0.996705 -0.016994 -10.034671 -0.994696 -0.078031 0.067023 158.629433
0.067789 0.024440 0.997401 290.778806 -0.079207 0.996678 -0.019039 -10.046750 -0.994551 -0.077710 0.069500 158.690272
0.070170 0.025534 0.997209 291.574223 -0.080350 0.996570 -0.019863 -10.059301 -0.994294 -0.078732 0.071981 158.754578
0.072766 0.025951 0.997012 292.355447 -0.082072 0.996428 -0.019946 -10.072079 -0.993967 -0.080375 0.074637 158.820583
0.076097 0.025685 0.996770 293.157676 -0.085112 0.996188 -0.019172 -10.088440 -0.993462 -0.083379 0.077993 158.893254
0.079736 0.025220 0.996497 293.952172 -0.088230 0.995936 -0.018146 -10.107061 -0.992904 -0.086474 0.081638 158.969711
0.084097 0.024725 0.996151 294.778158 -0.090519 0.995750 -0.017073 -10.126726 -0.992338 -0.088734 0.085978 159.053686
0.089135 0.020801 0.995803 295.568065 -0.090837 0.995787 -0.012669 -10.142929 -0.991869 -0.089326 0.090650 159.142543
0.094040 0.017756 0.995410 296.341616 -0.089607 0.995935 -0.009300 -10.153343 -0.991528 -0.088321 0.095249 159.230815
0.098618 0.017938 0.994964 297.133959 -0.089833 0.995917 -0.009052 -10.162012 -0.991063 -0.088488 0.099827 159.321015
0.102450 0.017216 0.994590 297.926698 -0.092306 0.995702 -0.007727 -10.170931 -0.990447 -0.091015 0.103599 159.415074
0.106934 0.015636 0.994144 298.717963 -0.095694 0.995398 -0.005362 -10.180481 -0.989651 -0.094560 0.107939 159.514413
0.112087 0.013196 0.993611 299.494270 -0.097178 0.995266 -0.002255 -10.186641 -0.988936 -0.096304 0.112838 159.616752
0.116894 0.014744 0.993035 300.254050 -0.095724 0.995403 -0.003511 -10.192729 -0.988521 -0.094647 0.117768 159.714620
0.121870 0.015564 0.992425 300.989427 -0.094257 0.995541 -0.004039 -10.200779 -0.988061 -0.093051 0.122794 159.814677
0.126717 0.015454 0.991819 301.733917 -0.092022 0.995752 -0.003758 -10.209498 -0.987662 -0.090793 0.127601 159.921105
0.131721 0.014832 0.991176 302.462249 -0.088811 0.996045 -0.003103 -10.217026 -0.987301 -0.087619 0.132518 160.029655
0.136229 0.011880 0.990607 303.147558 -0.088636 0.996066 0.000244 -10.223092 -0.986705 -0.087837 0.136746 160.138528
0.141236 0.010005 0.989926 303.786601 -0.088025 0.996117 0.002491 -10.227539 -0.986056 -0.087490 0.141568 160.243407
0.146201 0.008019 0.989223 304.432584 -0.087970 0.996113 0.004927 -10.230368 -0.985337 -0.087742 0.146338 160.352875
0.151082 0.007659 0.988492 305.085279 -0.088669 0.996046 0.005835 -10.231945 -0.984537 -0.088530 0.151164 160.464130
0.155660 0.006207 0.987792 305.693894 -0.087890 0.996103 0.007590 -10.232518 -0.983894 -0.087998 0.155599 160.571734
0.160741 0.003102 0.986992 306.307681 -0.085085 0.996318 0.010725 -10.227690 -0.983323 -0.085702 0.160413 160.685194
0.165195 0.001474 0.986260 306.916984 -0.085678 0.996242 0.012862 -10.223327 -0.982533 -0.086626 0.164701 160.798809
0.170012 -0.000198 0.985443 307.516399 -0.085702 0.996210 0.014986 -10.217930 -0.981709 -0.087002 0.169350 160.914688
0.174304 -0.001879 0.984691 308.110263 -0.086626 0.996094 0.017235 -10.210143 -0.980875 -0.088304 0.173460 161.031679
0.178505 -0.002384 0.983937 308.692367 -0.086065 0.996128 0.018027 -10.200155 -0.980169 -0.087901 0.177608 161.147153
0.182641 -0.004477 0.983170 309.244551 -0.085305 0.996148 0.020383 -10.190520 -0.979473 -0.087592 0.181556 161.261125
0.185802 -0.005838 0.982570 309.760991 -0.084114 0.996219 0.021825 -10.180686 -0.978981 -0.086703 0.184609 161.367595
0.188620 -0.005551 0.982035 310.268610 -0.082763 0.996338 0.021528 -10.172540 -0.978557 -0.085337 0.187470 161.471940
0.190794 -0.006947 0.981606 310.761495 -0.081560 0.996407 0.022905 -10.164913 -0.978237 -0.084430 0.189542 161.575834
0.192142 -0.007601 0.981338 311.262162 -0.081098 0.996429 0.023597 -10.158747 -0.978011 -0.084119 0.190840 161.679994
0.193375 -0.008201 0.981091 311.754754 -0.080060 0.996500 0.024110 -10.152037 -0.977854 -0.083208 0.192041 161.782549
0.193868 -0.008850 0.980988 312.220085 -0.079229 0.996553 0.024648 -10.146020 -0.977824 -0.082501 0.192499 161.878290
0.193459 -0.008537 0.981072 312.687165 -0.078729 0.996604 0.024197 -10.139807 -0.977945 -0.081920 0.192130 161.972207
0.192216 -0.008684 0.981315 313.162104 -0.078829 0.996595 0.024260 -10.133674 -0.978182 -0.082020 0.190877 162.067546
0.190803 -0.009601 0.981582 313.650507 -0.079930 0.996481 0.025284 -10.125351 -0.978369 -0.083283 0.189365 162.165648
0.188922 -0.010021 0.981942 314.141358 -0.081781 0.996315 0.025902 -10.119032 -0.978582 -0.085198 0.187406 162.261626
0.186516 -0.008800 0.982413 314.665445 -0.081187 0.996403 0.024340 -10.110598 -0.979093 -0.084299 0.185130 162.358490
0.183858 -0.007514 0.982925 315.180085 -0.077955 0.996711 0.022202 -10.100097 -0.979858 -0.080706 0.182668 162.449465
0.181870 -0.003061 0.983318 315.674785 -0.073591 0.997150 0.016715 -10.091016 -0.980566 -0.075403 0.181127 162.532252
0.180091 -0.001312 0.983650 316.141370 -0.068794 0.997535 0.013925 -10.084338 -0.981242 -0.070177 0.179557 162.613499
0.178866 -0.002618 0.983871 316.582151 -0.066274 0.997695 0.014703 -10.078660 -0.981640 -0.067835 0.178280 162.695355
0.177629 -0.002295 0.984096 317.051129 -0.066133 0.997711 0.014264 -10.071206 -0.981874 -0.067615 0.177070 162.780219
0.176541 0.002426 0.984291 317.562237 -0.068797 0.997584 0.009880 -10.066541 -0.981887 -0.069460 0.176281 162.867103
0.175971 0.012188 0.984321 318.085844 -0.073187 0.997320 0.000735 -10.066170 -0.981672 -0.072169 0.176391 162.952649
0.174227 0.013825 0.984609 318.617954 -0.074655 0.997211 -0.000792 -10.067837 -0.981872 -0.073368 0.174773 163.046609
0.172682 0.008487 0.984942 319.151956 -0.072214 0.997383 0.004066 -10.065191 -0.982328 -0.071829 0.172843 163.149004
0.171531 0.005884 0.985162 319.708693 -0.071349 0.997432 0.006466 -10.060576 -0.982593 -0.071400 0.171511 163.250391
0.170897 0.010665 0.985232 320.286269 -0.072999 0.997332 0.001867 -10.056595 -0.982582 -0.072240 0.171220 163.347229
0.170271 0.015871 0.985270 320.917332 -0.075092 0.997174 -0.003085 -10.058362 -0.982533 -0.073460 0.170982 163.453734
0.169468 0.016995 0.985390 321.569014 -0.075210 0.997161 -0.004263 -10.064198 -0.982663 -0.073388 0.170265 163.569485
0.168449 0.011749 0.985641 322.232646 -0.074717 0.997206 0.000882 -10.067268 -0.982875 -0.073793 0.168856 163.693563
0.167686 0.009808 0.985792 322.875863 -0.073060 0.997326 0.002505 -10.070122 -0.983131 -0.072442 0.167954 163.808486
0.166930 0.007840 0.985938 323.514142 -0.070464 0.997508 0.003998 -10.073171 -0.983449 -0.070140 0.167066 163.920709
0.165602 0.008387 0.986158 324.185187 -0.068340 0.997660 0.002991 -10.074131 -0.983823 -0.067889 0.165788 164.035930
0.164792 0.005607 0.986313 324.870599 -0.070808 0.997473 0.006160 -10.073284 -0.983784 -0.070854 0.164773 164.158910
0.163290 0.001312 0.986578 325.588033 -0.072232 0.997333 0.010629 -10.071316 -0.983931 -0.072998 0.162949 164.286517
0.161411 -0.000194 0.986888 326.292294 -0.071832 0.997347 0.011945 -10.073052 -0.984271 -0.072818 0.160968 164.404422
0.159648 0.002816 0.987171 327.013541 -0.066426 0.997762 0.007896 -10.076513 -0.984938 -0.066835 0.159478 164.517822
0.158130 0.002180 0.987417 327.698893 -0.060425 0.998147 0.007474 -10.074996 -0.985569 -0.060846 0.157968 164.628578
0.156634 0.000350 0.987657 328.363230 -0.056942 0.998342 0.008676 -10.065833 -0.986015 -0.057598 0.156395 164.737596
0.155775 0.003562 0.987787 329.024306 -0.059259 0.998228 0.005745 -10.058574 -0.986015 -0.059430 0.155710 164.840494
0.155454 0.010855 0.987784 329.710093 -0.065426 0.997859 -0.000669 -10.060189 -0.985675 -0.064522 0.155831 164.945537
0.154663 0.015637 0.987844 330.416826 -0.068554 0.997637 -0.005059 -10.067508 -0.985587 -0.066938 0.155369 165.055111
0.154189 0.017697 0.987883 331.121752 -0.067998 0.997661 -0.007258 -10.076961 -0.985700 -0.066055 0.155032 165.165700
0.153848 0.017750 0.987936 331.850868 -0.066329 0.997771 -0.007597 -10.086823 -0.985867 -0.064360 0.154682 165.282373
0.153446 0.018793 0.987979 332.584193 -0.065408 0.997821 -0.008821 -10.096821 -0.985991 -0.063269 0.154341 165.399272
0.154271 0.020599 0.987814 333.305704 -0.066998 0.997701 -0.010342 -10.108819 -0.985756 -0.064586 0.155296 165.516443
0.155853 0.022534 0.987524 334.035166 -0.069664 0.997503 -0.011767 -10.122620 -0.985322 -0.066961 0.157034 165.637351
0.157392 0.024808 0.987225 334.785063 -0.071382 0.997357 -0.013682 -10.140325 -0.984954 -0.068317 0.158747 165.762021
0.159078 0.025033 0.986949 335.536421 -0.072366 0.997287 -0.013631 -10.156333 -0.984611 -0.069253 0.160458 165.890506
0.161440 0.025221 0.986561 336.280296 -0.075156 0.997086 -0.013191 -10.171481 -0.984018 -0.072017 0.162865 166.020846
0.163607 0.026703 0.986165 337.026520 -0.077219 0.996915 -0.014183 -10.187460 -0.983500 -0.073830 0.165165 166.152403
0.166321 0.029957 0.985617 337.780275 -0.078684 0.996756 -0.017018 -10.206911 -0.982929 -0.074721 0.168139 166.286126
0.169314 0.032320 0.985033 338.525042 -0.079691 0.996640 -0.019003 -10.227790 -0.982336 -0.075280 0.171321 166.422152
0.172421 0.035012 0.984402 339.269118 -0.079580 0.996598 -0.021507 -10.249788 -0.981805 -0.074630 0.174621 166.560233
0.175355 0.039243 0.983724 339.988279 -0.081177 0.996381 -0.025278 -10.274735 -0.981154 -0.075423 0.177906 166.695611
0.177824 0.042255 0.983155 340.744641 -0.083154 0.996151 -0.027774 -10.304505 -0.980544 -0.076815 0.180654 166.840527
0.180967 0.045433 0.982440 341.495356 -0.084650 0.995947 -0.030465 -10.336303 -0.979841 -0.077650 0.184079 166.987866
0.184468 0.047804 0.981676 342.239628 -0.084191 0.995916 -0.032677 -10.371008 -0.979227 -0.076621 0.187739 167.138218
0.187423 0.050774 0.980967 342.987315 -0.083782 0.995852 -0.035537 -10.408259 -0.978701 -0.075527 0.190900 167.291067
0.190507 0.051796 0.980319 343.752557 -0.082898 0.995891 -0.036509 -10.449014 -0.978181 -0.074312 0.194018 167.452308
0.193976 0.049931 0.979736 344.553643 -0.082308 0.996013 -0.034465 -10.488251 -0.977549 -0.073954 0.197312 167.626484
0.196644 0.049070 0.979247 345.385703 -0.081766 0.996090 -0.033494 -10.524745 -0.977061 -0.073483 0.199888 167.807598
0.199292 0.047949 0.978767 346.250905 -0.082147 0.996106 -0.032072 -10.562463 -0.976492 -0.074011 0.202454 167.998768
0.201019 0.048857 0.978369 347.119974 -0.084210 0.995922 -0.032432 -10.601065 -0.975962 -0.075869 0.204313 168.189844
0.202159 0.049851 0.978084 348.006119 -0.087517 0.995630 -0.032657 -10.639863 -0.975436 -0.078997 0.205638 168.385158
0.203107 0.051555 0.977799 348.917635 -0.091274 0.995264 -0.033516 -10.683714 -0.974894 -0.082440 0.206851 168.586650
0.203945 0.053971 0.977494 349.873967 -0.092394 0.995085 -0.035665 -10.725996 -0.974614 -0.083041 0.207929 168.795513
0.204997 0.055702 0.977177 350.772438 -0.090314 0.995198 -0.037783 -10.767397 -0.974588 -0.080507 0.209044 168.992183
0.205852 0.056862 0.976930 351.672539 -0.092071 0.995009 -0.038513 -10.810992 -0.974243 -0.082019 0.210060 169.193634
0.206359 0.055702 0.976890 352.584123 -0.094836 0.994818 -0.036691 -10.856207 -0.973871 -0.085073 0.210572 169.401765
0.206636 0.054897 0.976877 353.544075 -0.097528 0.994610 -0.035263 -10.905362 -0.973546 -0.087986 0.210877 169.620688
0.206656 0.053807 0.976934 354.451145 -0.096775 0.994716 -0.034315 -10.953696 -0.973617 -0.087451 0.210771 169.825559
0.206704 0.053929 0.976917 355.326606 -0.096133 0.994770 -0.034574 -11.002165 -0.973671 -0.086767 0.210807 170.022528
0.206952 0.053917 0.976865 356.207791 -0.096203 0.994765 -0.034524 -11.050622 -0.973611 -0.086833 0.211055 170.221836
0.207796 0.052855 0.976744 357.065619 -0.096452 0.994782 -0.033312 -11.096502 -0.973407 -0.087287 0.211809 170.418223
0.208311 0.053501 0.976599 357.922724 -0.096139 0.994789 -0.033991 -11.141751 -0.973328 -0.086808 0.212369 170.611687
0.208735 0.053674 0.976499 358.774542 -0.096703 0.994734 -0.034005 -11.187185 -0.973181 -0.087332 0.212826 170.805768
0.209034 0.055438 0.976336 359.632072 -0.098782 0.994484 -0.035319 -11.234313 -0.972908 -0.089062 0.213358 170.999783
0.209580 0.054365 0.976280 360.499611 -0.097927 0.994602 -0.034363 -11.276736 -0.972877 -0.088402 0.213772 171.196717
0.209954 0.054335 0.976201 361.334602 -0.095673 0.994806 -0.034794 -11.314615 -0.973020 -0.086091 0.214062 171.383186
0.211683 0.057116 0.975669 362.132600 -0.093529 0.994895 -0.037950 -11.352673 -0.972854 -0.083220 0.215944 171.562535
0.213090 0.062273 0.975047 362.935597 -0.097706 0.994324 -0.042151 -11.396459 -0.972136 -0.086286 0.217965 171.744689
0.214788 0.065373 0.974471 363.798719 -0.101491 0.993851 -0.044303 -11.444294 -0.971374 -0.089384 0.220102 171.944651
0.217218 0.067080 0.973816 364.603806 -0.099497 0.993963 -0.046274 -11.493315 -0.971040 -0.086840 0.222581 172.133087
0.221702 0.068447 0.972710 365.414906 -0.092808 0.994488 -0.048827 -11.533314 -0.970689 -0.079450 0.226833 172.326951
0.226784 0.069819 0.971440 366.205882 -0.089401 0.994710 -0.050621 -11.577818 -0.969835 -0.075368 0.231826 172.522134
0.231028 0.072552 0.970239 366.989292 -0.089744 0.994556 -0.053001 -11.627354 -0.968801 -0.074829 0.236281 172.719895
0.235298 0.074520 0.969063 367.786584 -0.090893 0.994376 -0.054397 -11.682643 -0.967665 -0.075282 0.240748 172.926562
0.240650 0.074605 0.967741 368.615925 -0.088295 0.994592 -0.054719 -11.734095 -0.966589 -0.072278 0.245936 173.147779
0.245610 0.074346 0.966514 369.457066 -0.089040 0.994572 -0.053877 -11.781338 -0.965272 -0.072826 0.250896 173.378511
0.250548 0.074787 0.965212 370.302180 -0.093673 0.994208 -0.052718 -11.829868 -0.963563 -0.077206 0.256102 173.616141
0.255867 0.074101 0.963868 371.144684 -0.099166 0.993812 -0.050078 -11.881829 -0.961613 -0.082769 0.261632 173.861148
0.261735 0.073045 0.962372 371.982242 -0.101397 0.993697 -0.047845 -11.934039 -0.959800 -0.085059 0.267492 174.110929
0.268357 0.072117 0.960617 372.804575 -0.103380 0.993593 -0.045712 -11.986000 -0.957757 -0.087041 0.274093 174.363701
0.274869 0.071746 0.958802 373.607898 -0.105170 0.993474 -0.044191 -12.035837 -0.955714 -0.088691 0.280620 174.615547
0.282648 0.071037 0.956590 374.407704 -0.106158 0.993447 -0.042407 -12.085757 -0.953333 -0.089563 0.288337 174.874977
0.291565 0.069295 0.954039 375.168758 -0.105600 0.993610 -0.039897 -12.132199 -0.950706 -0.089113 0.297019 175.132319
0.301119 0.067219 0.951215 375.921668 -0.105150 0.993772 -0.036940 -12.176646 -0.947773 -0.088896 0.306312 175.396813
0.311550 0.065525 0.947968 376.669170 -0.104892 0.993896 -0.034227 -12.218651 -0.944424 -0.088771 0.316522 175.669207
0.322586 0.065633 0.944263 377.408562 -0.105346 0.993887 -0.033093 -12.258086 -0.940661 -0.088799 0.327528 175.946853
0.333707 0.066532 0.940327 378.156686 -0.106060 0.993825 -0.032678 -12.297898 -0.936693 -0.088826 0.338703 176.236675
0.345022 0.067007 0.936201 378.908236 -0.107151 0.993741 -0.031637 -12.335348 -0.932460 -0.089399 0.350042 176.538985
0.355455 0.067659 0.932242 379.673419 -0.108537 0.993619 -0.030730 -12.374908 -0.928372 -0.090259 0.360530 176.855334
0.365061 0.068572 0.928456 380.451436 -0.109958 0.993481 -0.030140 -12.414396 -0.924469 -0.091088 0.370221 177.184925
0.373497 0.068702 0.925084 381.224487 -0.111222 0.993378 -0.028868 -12.450187 -0.920941 -0.092107 0.378665 177.519559
0.380670 0.068963 0.922137 381.989719 -0.112150 0.993299 -0.027988 -12.485708 -0.917886 -0.092763 0.385853 177.856010
0.386892 0.068867 0.919551 382.760802 -0.112123 0.993323 -0.027217 -12.519127 -0.915285 -0.092573 0.392030 178.198864
0.392425 0.069344 0.917167 383.507301 -0.113109 0.993226 -0.026699 -12.552451 -0.912804 -0.093262 0.397610 178.535944
0.397937 0.069260 0.914796 384.255206 -0.113586 0.993196 -0.025785 -12.582593 -0.910355 -0.093647 0.403095 178.878820
0.403393 0.070134 0.912336 384.999569 -0.114105 0.993133 -0.025893 -12.614767 -0.907886 -0.093656 0.408625 179.224076
0.409353 0.070553 0.909645 385.732628 -0.114065 0.993143 -0.025698 -12.647930 -0.905219 -0.093239 0.414593 179.571337
0.415549 0.071603 0.906749 386.446838 -0.115136 0.993020 -0.025650 -12.680218 -0.902256 -0.093741 0.420892 179.916924
0.422051 0.073347 0.903601 387.157357 -0.117476 0.992745 -0.025712 -12.711240 -0.898930 -0.095299 0.427605 180.268870
0.428742 0.074141 0.900380 387.864131 -0.119812 0.992492 -0.024674 -12.741824 -0.895448 -0.097297 0.434406 180.626904
0.435295 0.076734 0.897013 388.605810 -0.122560 0.992138 -0.025397 -12.772927 -0.891908 -0.098883 0.441277 181.006244
0.441184 0.078557 0.893973 389.327755 -0.125129 0.991817 -0.025403 -12.802756 -0.888652 -0.100655 0.447403 181.382370
0.447006 0.079054 0.891032 390.085101 -0.127605 0.991538 -0.023955 -12.833163 -0.885384 -0.102992 0.453311 181.784553
0.452577 0.079372 0.888187 390.839312 -0.127622 0.991545 -0.023579 -12.867832 -0.882547 -0.102681 0.458879 182.191274
0.458778 0.077357 0.885178 391.542491 -0.124848 0.991934 -0.021979 -12.899207 -0.879738 -0.100429 0.464734 182.579201
0.464527 0.074674 0.882406 392.225256 -0.122524 0.992276 -0.019472 -12.924457 -0.877043 -0.099071 0.470088 182.961184
0.469591 0.073454 0.879824 392.931082 -0.122825 0.992280 -0.017287 -12.945610 -0.874300 -0.099946 0.474987 183.360489
0.473903 0.073797 0.877480 393.627882 -0.128158 0.991654 -0.014184 -12.968143 -0.871202 -0.105735 0.479405 183.758679
0.477393 0.072889 0.875662 394.329817 -0.132913 0.991079 -0.010035 -12.988854 -0.868581 -0.111596 0.482821 184.164207
0.480206 0.068414 0.874484 395.016907 -0.133307 0.991067 -0.004332 -13.003487 -0.866968 -0.114495 0.485036 184.565716
0.482987 0.063620 0.873314 395.673411 -0.129019 0.991644 -0.000886 -13.016533 -0.866072 -0.112246 0.487158 184.948680
0.485823 0.060626 0.871953 396.308631 -0.124771 0.992188 0.000532 -13.023371 -0.865107 -0.109052 0.489592 185.317299
0.487812 0.058911 0.870960 396.945142 -0.125472 0.992094 0.003171 -13.027814 -0.863886 -0.110828 0.491346 185.689985
0.489686 0.058893 0.869908 397.603346 -0.130919 0.991373 0.006580 -13.029574 -0.862015 -0.117110 0.493171 186.075838
0.490938 0.059374 0.869170 398.278645 -0.136477 0.990601 0.009418 -13.030569 -0.860440 -0.123245 0.494426 186.472189
0.491718 0.060169 0.868674 398.967600 -0.139214 0.990212 0.010216 -13.032947 -0.859555 -0.125955 0.495281 186.874313
0.492472 0.061391 0.868161 399.629125 -0.139872 0.990128 0.009329 -13.034837 -0.859017 -0.126026 0.496196 187.258473
0.493479 0.061742 0.867564 400.298216 -0.138833 0.990281 0.008495 -13.034571 -0.858607 -0.124639 0.497254 187.647777
0.494644 0.062443 0.866850 400.970249 -0.137955 0.990413 0.007376 -13.032468 -0.858078 -0.123235 0.498515 188.039041
0.495190 0.069722 0.865983 401.669140 -0.140058 0.990145 0.000370 -13.034531 -0.857422 -0.121471 0.500075 188.438578
0.496018 0.072603 0.865273 402.382176 -0.141437 0.989947 -0.001985 -13.042600 -0.856717 -0.121397 0.501299 188.855637
0.496583 0.071321 0.865055 403.055523 -0.139211 0.990263 -0.001730 -13.054789 -0.856755 -0.119566 0.501675 189.253422
0.497549 0.071484 0.864486 403.662773 -0.133873 0.990988 -0.004895 -13.060726 -0.857045 -0.113296 0.502634 189.608888
0.497953 0.070027 0.864373 404.322423 -0.128653 0.991672 -0.006225 -13.064450 -0.857609 -0.108104 0.502815 189.996048
0.497768 0.069824 0.864496 404.965052 -0.130305 0.991463 -0.005050 -13.072113 -0.857467 -0.110135 0.502616 190.376824
0.498332 0.072161 0.863979 405.657417 -0.133919 0.990979 -0.005525 -13.083145 -0.856582 -0.112950 0.503499 190.785407
0.498869 0.072155 0.863669 406.329477 -0.134713 0.990874 -0.004969 -13.093994 -0.856145 -0.113869 0.504036 191.183998
0.499792 0.071937 0.863154 406.990943 -0.133296 0.991064 -0.005414 -13.104134 -0.855829 -0.112349 0.504914 191.575331
0.500806 0.071571 0.862596 407.615838 -0.129577 0.991547 -0.007041 -13.113438 -0.855807 -0.108246 0.505846 191.944336
0.501958 0.071296 0.861949 408.240119 -0.127911 0.991759 -0.007543 -13.122716 -0.855383 -0.106467 0.506940 192.316219
0.502823 0.072165 0.861372 408.914535 -0.129579 0.991543 -0.007429 -13.134300 -0.854623 -0.107880 0.507921 192.720912
0.503663 0.075147 0.860626 409.615190 -0.132957 0.991085 -0.008728 -13.148608 -0.853609 -0.110031 0.509164 193.140557
0.505227 0.077146 0.859532 410.271835 -0.132536 0.991119 -0.011052 -13.164207 -0.852750 -0.108335 0.510964 193.533329
0.506757 0.080434 0.858329 410.934881 -0.130992 0.991264 -0.015554 -13.180672 -0.852080 -0.104552 0.512866 193.927342
0.507968 0.083093 0.857359 411.593719 -0.129816 0.991355 -0.019166 -13.197623 -0.851539 -0.101563 0.514363 194.322435
0.509862 0.086711 0.855875 412.260741 -0.131335 0.991092 -0.022171 -13.220860 -0.850173 -0.101103 0.516708 194.727173
0.511928 0.091616 0.854129 412.905963 -0.130280 0.991078 -0.028221 -13.243301 -0.849093 -0.096829 0.519296 195.115600
0.513123 0.095780 0.852955 413.592371 -0.130523 0.990906 -0.032750 -13.270023 -0.848335 -0.094525 0.520957 195.534838
0.513612 0.095934 0.852643 414.282018 -0.134324 0.990469 -0.030528 -13.297238 -0.847444 -0.098851 0.521602 195.966679
0.513792 0.097265 0.852384 414.977893 -0.141276 0.989583 -0.027763 -13.328272 -0.846204 -0.106157 0.522181 196.403967
0.514300 0.099768 0.851788 415.713162 -0.144889 0.989044 -0.028362 -13.361397 -0.845284 -0.108829 0.523119 196.861581
0.515266 0.098571 0.851343 416.407708 -0.143128 0.989313 -0.027919 -13.393373 -0.844996 -0.107465 0.523867 197.296573
0.516375 0.098048 0.850732 417.053737 -0.140084 0.989716 -0.029038 -13.419601 -0.844829 -0.104180 0.524799 197.698630
0.517689 0.098523 0.849878 417.710241 -0.137263 0.990047 -0.031160 -13.442107 -0.844488 -0.100526 0.526059 198.105369
0.518243 0.100687 0.849286 418.370897 -0.137897 0.989892 -0.033211 -13.465764 -0.844044 -0.099902 0.526888 198.515610
0.518662 0.103455 0.848698 419.048361 -0.139783 0.989558 -0.035201 -13.495499 -0.843477 -0.100376 0.527707 198.938878
0.518958 0.103872 0.848466 419.739394 -0.141344 0.989356 -0.034667 -13.528125 -0.843034 -0.101935 0.528115 199.376042
0.519302 0.102794 0.848387 420.397673 -0.140760 0.989471 -0.033728 -13.558820 -0.842920 -0.101904 0.528303 199.793009
0.519738 0.102669 0.848135 421.042162 -0.140735 0.989481 -0.033537 -13.585967 -0.842656 -0.101932 0.528719 200.200041
0.519413 0.104316 0.848133 421.704038 -0.141847 0.989279 -0.034807 -13.616480 -0.842669 -0.102226 0.528641 200.615003
0.518580 0.106159 0.848414 422.381034 -0.144034 0.988931 -0.035703 -13.648762 -0.842812 -0.103685 0.528130 201.038717
0.518334 0.106218 0.848557 423.060031 -0.145620 0.988730 -0.034814 -13.680508 -0.842690 -0.105521 0.527959 201.466922
0.517907 0.107254 0.848687 423.729231 -0.145672 0.988678 -0.036050 -13.712097 -0.842944 -0.104959 0.527666 201.884160
0.517684 0.107473 0.848795 424.374401 -0.143302 0.988958 -0.037819 -13.746841 -0.843487 -0.102055 0.527369 202.286458
0.517974 0.104930 0.848937 425.008854 -0.138729 0.989616 -0.037673 -13.784751 -0.844073 -0.098259 0.527151 202.686655
0.518203 0.100478 0.849336 425.641718 -0.133541 0.990403 -0.035689 -13.820081 -0.844769 -0.094927 0.526647 203.086746
0.518180 0.097528 0.849694 426.313225 -0.128930 0.991034 -0.035124 -13.852990 -0.845499 -0.091351 0.526107 203.506361
0.517442 0.097060 0.850196 426.977321 -0.127524 0.991201 -0.035544 -13.879550 -0.846164 -0.090028 0.525266 203.917530
0.515867 0.097510 0.851102 427.612871 -0.131695 0.990720 -0.033683 -13.908485 -0.846487 -0.094710 0.523921 204.313472
0.514912 0.098872 0.851523 428.266579 -0.136413 0.990122 -0.032477 -13.938060 -0.846321 -0.099436 0.523312 204.719047
0.514451 0.101417 0.851502 428.910154 -0.137708 0.989867 -0.034698 -13.968064 -0.846392 -0.099408 0.523203 205.113980
0.514404 0.102616 0.851387 429.570386 -0.136113 0.990001 -0.037084 -14.000597 -0.846678 -0.096809 0.523227 205.519055
0.514842 0.101639 0.851239 430.245069 -0.134248 0.990257 -0.037043 -14.035660 -0.846710 -0.095206 0.523470 205.938270
0.515351 0.101548 0.850942 430.925024 -0.132924 0.990412 -0.037690 -14.069888 -0.846609 -0.093687 0.523906 206.359623
0.515859 0.103494 0.850399 431.607154 -0.131874 0.990439 -0.040541 -14.105679 -0.846464 -0.091232 0.524575 206.780021
0.516755 0.103880 0.849808 432.289462 -0.130574 0.990564 -0.041686 -14.142841 -0.846118 -0.089421 0.525443 207.204701
0.517932 0.104748 0.848985 432.958952 -0.128622 0.990730 -0.043769 -14.179164 -0.845698 -0.086528 0.526603 207.621390
0.519105 0.103002 0.848482 433.631155 -0.127142 0.990975 -0.042513 -14.214701 -0.845203 -0.085809 0.527515 208.046889
0.519704 0.103415 0.848065 434.281551 -0.126476 0.991025 -0.043342 -14.247043 -0.844934 -0.084734 0.528118 208.455634
0.520581 0.103937 0.847463 434.952035 -0.127627 0.990886 -0.043128 -14.281088 -0.844221 -0.085708 0.529101 208.880666
0.521813 0.105470 0.846515 435.618271 -0.129032 0.990671 -0.043892 -14.315333 -0.843246 -0.086324 0.530553 209.303160
0.523300 0.107042 0.845399 436.287265 -0.130452 0.990451 -0.044658 -14.350574 -0.842105 -0.086915 0.532266 209.729457
0.525487 0.109657 0.843706 436.943621 -0.132212 0.990140 -0.046343 -14.388431 -0.840467 -0.087196 0.534803 210.150331
0.527810 0.111427 0.842022 437.597504 -0.133503 0.989921 -0.047314 -14.429767 -0.838806 -0.087440 0.537365 210.573968
0.530506 0.111063 0.840375 438.245699 -0.132993 0.990010 -0.046884 -14.470299 -0.837185 -0.086892 0.539976 211.000013
0.533168 0.109659 0.838873 438.914513 -0.132021 0.990203 -0.045532 -14.510310 -0.835646 -0.086473 0.542421 211.443272
0.535778 0.109674 0.837206 439.562981 -0.131321 0.990289 -0.045687 -14.546934 -0.834085 -0.085465 0.544977 211.873942
0.538280 0.109771 0.835587 440.196430 -0.131569 0.990272 -0.045336 -14.580534 -0.832434 -0.085534 0.547486 212.297970
0.540475 0.110058 0.834131 440.830913 -0.132579 0.990164 -0.044742 -14.612410 -0.830850 -0.086406 0.549750 212.724557
0.542149 0.110542 0.832980 441.452235 -0.134183 0.989980 -0.044043 -14.645591 -0.829501 -0.087894 0.551549 213.144086
0.543872 0.111363 0.831747 442.023801 -0.134880 0.989872 -0.044338 -14.676379 -0.828259 -0.088072 0.553383 213.529589
0.545577 0.111332 0.830633 442.583368 -0.134915 0.989879 -0.044061 -14.708256 -0.827131 -0.088026 0.555075 213.908680
0.547292 0.111718 0.829453 443.118599 -0.134727 0.989888 -0.044430 -14.737550 -0.826028 -0.087434 0.556808 214.271882
0.548969 0.112420 0.828249 443.658328 -0.134726 0.989860 -0.045058 -14.769286 -0.824915 -0.086851 0.558547 214.639634
0.550465 0.113602 0.827093 444.194757 -0.134675 0.989809 -0.046320 -14.801949 -0.823925 -0.085891 0.560154 215.005345
0.552207 0.113289 0.825974 444.720958 -0.134177 0.989888 -0.046067 -14.834390 -0.822840 -0.085388 0.561824 215.368826
0.554026 0.112246 0.824898 445.254470 -0.133848 0.989990 -0.044814 -14.867392 -0.821670 -0.085583 0.563503 215.740648
0.555480 0.111426 0.824031 445.776418 -0.133649 0.990063 -0.043785 -14.899932 -0.820720 -0.085809 0.564852 216.105012
0.556679 0.111358 0.823230 446.277712 -0.133655 0.990073 -0.043547 -14.931889 -0.819906 -0.085787 0.566036 216.454573
0.557791 0.111338 0.822481 446.779597 -0.133725 0.990073 -0.043335 -14.963425 -0.819139 -0.085814 0.567141 216.805884
0.558825 0.110743 0.821859 447.270313 -0.134489 0.990029 -0.041958 -14.993453 -0.818309 -0.087084 0.568145 217.152451
0.559687 0.110107 0.821357 447.748842 -0.135671 0.989938 -0.040257 -15.023129 -0.817524 -0.088903 0.568993 217.491692
0.560405 0.109753 0.820915 448.211887 -0.136824 0.989832 -0.038932 -15.051233 -0.816840 -0.090503 0.569723 217.819358
0.561314 0.110072 0.820251 448.665418 -0.137130 0.989788 -0.038982 -15.078774 -0.816164 -0.090600 0.570675 218.138882
0.562097 0.109353 0.819811 449.109428 -0.136019 0.989949 -0.038787 -15.106954 -0.815811 -0.089708 0.571320 218.453094
0.562943 0.106828 0.819563 449.535577 -0.133399 0.990357 -0.037461 -15.133323 -0.815660 -0.088240 0.571764 218.757467
0.563932 0.104678 0.819161 449.947696 -0.130831 0.990734 -0.036535 -15.156980 -0.815393 -0.086568 0.572401 219.051276
0.564901 0.103140 0.818688 450.346923 -0.129037 0.990995 -0.035810 -15.178908 -0.815008 -0.085412 0.573122 219.334504
0.565510 0.103812 0.818182 450.734608 -0.127848 0.991091 -0.037384 -15.198016 -0.814773 -0.083462 0.573744 219.604876
0.565687 0.104689 0.817948 451.098488 -0.127753 0.991061 -0.038493 -15.214038 -0.814665 -0.082720 0.574004 219.859677
0.564784 0.105576 0.818458 451.458760 -0.129349 0.990852 -0.038554 -15.231713 -0.815040 -0.084092 0.573272 220.113082
0.563691 0.105023 0.819282 451.809937 -0.131060 0.990693 -0.036822 -15.249846 -0.815523 -0.086619 0.572208 220.362430
0.562724 0.105473 0.819889 452.168587 -0.132002 0.990567 -0.036831 -15.266936 -0.816039 -0.087501 0.571338 220.613296
0.561672 0.106029 0.820538 452.518145 -0.132837 0.990447 -0.037055 -15.284536 -0.816628 -0.088185 0.570391 220.856832
0.560639 0.107070 0.821110 452.860334 -0.133325 0.990342 -0.038106 -15.301533 -0.817258 -0.088110 0.569499 221.093353
0.559607 0.107054 0.821815 453.194493 -0.133805 0.990285 -0.037886 -15.318109 -0.817886 -0.088762 0.568494 221.325734
0.558504 0.107851 0.822461 453.505892 -0.134667 0.990149 -0.038392 -15.334832 -0.818498 -0.089316 0.567526 221.540546
0.557660 0.108905 0.822895 453.810756 -0.135475 0.990007 -0.039212 -15.352948 -0.818941 -0.089615 0.566840 221.750502
0.556866 0.109866 0.823305 454.104706 -0.135950 0.989904 -0.040144 -15.369559 -0.819402 -0.089573 0.566179 221.952364
0.556001 0.109642 0.823919 454.377745 -0.136536 0.989846 -0.039585 -15.385905 -0.819892 -0.090485 0.565325 222.142231
0.555096 0.108606 0.824666 454.639765 -0.136976 0.989842 -0.038158 -15.401068 -0.820432 -0.091778 0.564333 222.325228
0.554047 0.107845 0.825471 454.890217 -0.137388 0.989824 -0.037104 -15.414772 -0.821072 -0.092853 0.563225 222.498435
0.553189 0.108766 0.825926 455.142952 -0.137506 0.989765 -0.038243 -15.429015 -0.821630 -0.092414 0.562482 222.669148
0.552677 0.109892 0.826119 455.397738 -0.137251 0.989737 -0.039836 -15.444501 -0.822017 -0.091369 0.562087 222.841169
0.552679 0.110663 0.826015 455.650800 -0.136246 0.989810 -0.041447 -15.458843 -0.822183 -0.089634 0.562124 223.012327
0.552579 0.111271 0.826000 455.902643 -0.136095 0.989795 -0.042291 -15.473272 -0.822275 -0.089045 0.562083 223.184655
0.552441 0.112006 0.825993 456.145179 -0.137119 0.989645 -0.042489 -15.487205 -0.822198 -0.089787 0.562078 223.351787
0.552900 0.112183 0.825662 456.375804 -0.138123 0.989528 -0.041954 -15.501533 -0.821721 -0.090846 0.562605 223.513173
0.553684 0.112006 0.825161 456.595600 -0.138662 0.989482 -0.041268 -15.514869 -0.821102 -0.091570 0.563390 223.668333
0.554757 0.111333 0.824530 456.790932 -0.139298 0.989450 -0.039879 -15.526655 -0.820270 -0.092732 0.564412 223.808579
0.556230 0.110436 0.823658 456.980300 -0.139670 0.989458 -0.038344 -15.537224 -0.819208 -0.093712 0.565790 223.945756
0.558450 0.110715 0.822117 457.171696 -0.139914 0.989429 -0.038205 -15.548291 -0.817655 -0.093690 0.568036 224.083772
0.561427 0.111574 0.819971 457.352197 -0.139996 0.989395 -0.038774 -15.559268 -0.815600 -0.093024 0.571092 224.215688
0.565834 0.112608 0.816794 457.529554 -0.140328 0.989332 -0.039183 -15.570555 -0.812491 -0.092448 0.575598 224.349417
0.572404 0.111983 0.812289 457.727773 -0.139934 0.989442 -0.037797 -15.582989 -0.807944 -0.092032 0.582030 224.505479
0.580432 0.111276 0.806670 457.928893 -0.139770 0.989534 -0.035931 -15.595963 -0.802225 -0.091893 0.589909 224.668938
0.589863 0.110717 0.799877 458.126841 -0.138983 0.989696 -0.034499 -15.605677 -0.795454 -0.090820 0.599172 224.834183
0.600097 0.111978 0.792051 458.323929 -0.138901 0.989701 -0.034683 -15.614052 -0.787777 -0.089203 0.609470 225.002231
0.612598 0.111979 0.782422 458.530760 -0.139567 0.989686 -0.032368 -15.623405 -0.777976 -0.089372 0.621907 225.190458
0.626856 0.110936 0.771198 458.737858 -0.139073 0.989850 -0.029345 -15.628587 -0.766624 -0.088858 0.635920 225.388228
0.642186 0.110039 0.758610 458.939557 -0.139010 0.989954 -0.025920 -15.634340 -0.753840 -0.088809 0.651030 225.591097
0.658779 0.110214 0.744221 459.154479 -0.137529 0.990187 -0.024900 -15.641941 -0.739661 -0.085949 0.667471 225.812630
0.676312 0.109239 0.728471 459.353882 -0.134667 0.990614 -0.023524 -15.646782 -0.724202 -0.082192 0.684674 226.031165
0.693902 0.109267 0.711731 459.540944 -0.133145 0.990848 -0.022308 -15.649533 -0.707654 -0.079284 0.702098 226.248939
0.710264 0.106469 0.695838 459.709795 -0.132944 0.990998 -0.015930 -15.653302 -0.691269 -0.081193 0.718023 226.464932
0.721964 0.102984 0.684224 459.883096 -0.131126 0.991309 -0.010845 -15.653003 -0.679393 -0.081890 0.729192 226.683163
0.725994 0.097392 0.680770 460.047764 -0.129449 0.991581 -0.003809 -15.656168 -0.675409 -0.085359 0.732488 226.883097
0.724964 0.095649 0.682114 460.215191 -0.129154 0.991625 -0.001783 -15.661654 -0.676571 -0.086805 0.731245 227.067245
0.721389 0.094746 0.686019 460.368598 -0.129144 0.991628 -0.001152 -15.665543 -0.680383 -0.087765 0.727584 227.225921
0.712989 0.095050 0.694703 460.521563 -0.129104 0.991628 -0.003173 -15.670132 -0.689188 -0.087427 0.719291 227.366820
0.701197 0.096556 0.706399 460.673396 -0.128575 0.991671 -0.007921 -15.676299 -0.701279 -0.085271 0.707770 227.490513
0.687576 0.098694 0.719374 460.825722 -0.127844 0.991700 -0.013862 -15.684985 -0.714770 -0.082436 0.694486 227.605194
0.671907 0.102429 0.733519 460.988869 -0.127717 0.991580 -0.021475 -15.695314 -0.729542 -0.079254 0.679330 227.720226
0.654720 0.104213 0.748654 461.159114 -0.127455 0.991491 -0.026552 -15.706845 -0.745049 -0.078036 0.662431 227.837285
0.637595 0.104744 0.763218 461.333459 -0.127271 0.991424 -0.029741 -15.718164 -0.759787 -0.078173 0.645457 227.956166
0.620206 0.104995 0.777381 461.517364 -0.127398 0.991330 -0.032252 -15.728676 -0.774026 -0.079034 0.628204 228.076799
0.602894 0.106960 0.790620 461.719288 -0.127731 0.991133 -0.036684 -15.741411 -0.787531 -0.078871 0.611209 228.203577
0.587109 0.110056 0.801992 461.936075 -0.127432 0.990930 -0.042695 -15.757853 -0.799416 -0.077133 0.595808 228.335913
0.572596 0.113192 0.811986 462.146640 -0.126504 0.990762 -0.048905 -15.775567 -0.810020 -0.074717 0.581625 228.460325
0.559351 0.115225 0.820884 462.356640 -0.126136 0.990593 -0.053098 -15.794909 -0.819279 -0.073843 0.568623 228.585204
0.547968 0.114451 0.828633 462.553816 -0.125736 0.990613 -0.053676 -15.812201 -0.826997 -0.074777 0.557214 228.704785
0.538926 0.115156 0.834446 462.748706 -0.127021 0.990396 -0.054641 -15.829377 -0.832723 -0.076545 0.548376 228.822323
0.531496 0.118088 0.838790 462.932529 -0.129294 0.989944 -0.057441 -15.846106 -0.837136 -0.077921 0.541418 228.930552
0.526665 0.120173 0.841536 463.099030 -0.130345 0.989669 -0.059751 -15.863289 -0.840021 -0.078222 0.536887 229.030119
0.525137 0.121046 0.842365 463.266052 -0.129744 0.989652 -0.061328 -15.880265 -0.841070 -0.077086 0.535407 229.135072
0.527992 0.121064 0.840577 463.429322 -0.129032 0.989734 -0.061497 -15.893754 -0.839391 -0.075992 0.538192 229.245592
0.533395 0.122951 0.836883 463.582063 -0.129383 0.989598 -0.062924 -15.906162 -0.835914 -0.074716 0.543754 229.351752
0.541652 0.126250 0.831068 463.746214 -0.129981 0.989348 -0.065579 -15.918136 -0.830494 -0.072503 0.552292 229.470381
0.551748 0.126829 0.824312 463.901880 -0.131212 0.989264 -0.064382 -15.929299 -0.823626 -0.072637 0.562465 229.593998
0.563784 0.124228 0.816527 464.030470 -0.131991 0.989472 -0.059404 -15.938200 -0.815309 -0.074284 0.574244 229.709355
0.576578 0.121603 0.807942 464.154243 -0.131642 0.989771 -0.055025 -15.943708 -0.806368 -0.074633 0.586688 229.823343
0.589126 0.121070 0.798920 464.266921 -0.132633 0.989792 -0.052191 -15.947318 -0.797083 -0.075216 0.599170 229.929969
0.601485 0.123424 0.789293 464.390283 -0.135872 0.989406 -0.051174 -15.952007 -0.787246 -0.076462 0.611882 230.043452
0.613887 0.126488 0.779195 464.515187 -0.137727 0.989104 -0.052055 -15.958307 -0.777288 -0.075360 0.624617 230.159846
0.628028 0.130351 0.767196 464.643078 -0.134641 0.989206 -0.057854 -15.966955 -0.766455 -0.066963 0.638799 230.278502
0.643273 0.130412 0.754449 464.766565 -0.129417 0.989731 -0.060735 -15.971138 -0.754621 -0.058569 0.653544 230.402414
0.657406 0.129126 0.742391 464.880098 -0.128295 0.990006 -0.058585 -15.975366 -0.742535 -0.056731 0.667402 230.529813
0.670502 0.125915 0.731145 464.966895 -0.130109 0.990179 -0.051207 -15.978214 -0.730411 -0.060794 0.680299 230.643936
0.682439 0.124111 0.720330 465.042757 -0.132889 0.990125 -0.044697 -15.980295 -0.718763 -0.065221 0.692191 230.746345
0.693164 0.124282 0.709985 465.119027 -0.134572 0.990019 -0.041917 -15.980881 -0.708107 -0.066489 0.702970 230.841712
0.702601 0.125037 0.700513 465.173630 -0.135253 0.989963 -0.041046 -15.979123 -0.698613 -0.065907 0.712460 230.912286
0.711874 0.125538 0.690997 465.232147 -0.135806 0.989933 -0.039938 -15.978890 -0.689053 -0.065410 0.721755 230.989441
0.720382 0.125209 0.682183 465.276529 -0.135826 0.989995 -0.038273 -15.976538 -0.680150 -0.065088 0.730180 231.052571
0.728391 0.125803 0.673514 465.322189 -0.136258 0.989964 -0.037551 -15.973303 -0.671477 -0.064420 0.738221 231.116829
0.735314 0.127104 0.665701 465.372765 -0.137589 0.989800 -0.037008 -15.970786 -0.663614 -0.064381 0.745301 231.186862
0.741607 0.126393 0.658821 465.441267 -0.138120 0.989820 -0.034417 -15.970861 -0.656463 -0.065472 0.751513 231.282851
0.749048 0.122288 0.651132 465.508631 -0.136879 0.990180 -0.028502 -15.969952 -0.648223 -0.067777 0.758430 231.387361
0.757880 0.115370 0.642113 465.568429 -0.134350 0.990746 -0.019436 -15.967890 -0.638412 -0.071538 0.766365 231.492753
0.763957 0.109734 0.635868 465.598200 -0.132288 0.991140 -0.012109 -15.961821 -0.631562 -0.074867 0.771704 231.552589
0.769139 0.109093 0.629702 465.619386 -0.131597 0.991245 -0.010991 -15.953638 -0.625387 -0.074413 0.776760 231.589250
0.774022 0.112673 0.623054 465.631792 -0.132884 0.991033 -0.014135 -15.944376 -0.619059 -0.071853 0.782052 231.607486
0.777665 0.116152 0.617856 465.652143 -0.134144 0.990811 -0.017425 -15.938172 -0.614202 -0.069331 0.786099 231.634544
0.781587 0.117582 0.612615 465.686213 -0.135228 0.990660 -0.017614 -15.935799 -0.608963 -0.069076 0.790187 231.688257
0.786181 0.116366 0.606943 465.712171 -0.135618 0.990661 -0.014266 -15.934149 -0.602934 -0.071096 0.794619 231.739995
0.790042 0.113582 0.602439 465.733620 -0.135145 0.990782 -0.009568 -15.932986 -0.597972 -0.073857 0.798109 231.785813
